CS.094	CS.005	CS.354	CS.243	CS.217	CS.296	L.022.M1	CS.297	CS.093	CS.104	CS.001	CS.257	CS.019	L.005.M1	CS.092	CS.360	CS.373	CS.335	CS.269	CS.050	CS.155	CS.161	CS.230	CS.301	CS.067	CS.066	CS.122	CS.229	CS.149	CS.287	CS.282	CS.375	CS.224	CS.203	CS.376	CS.378	CS.374	CS.136	CS.236	CS.232	CS.205	CS.380	CS.302	CS.125	CS.126	CS.181	CS.359	CS.166	CS.129	CS.323	CS.369	CS.386	CS.148	CS.372	CS.147	CS.183	CS.182	CS.385	CS.349	CS.389	T.CS.024	T.CS.025	T.CS.041	T.CS.082	T.CS.004	T.CS.067	T.CS.058	T.CS.003	T.CS.062	T.CS.007	T.CS.016	T.CS.069	T.CS.001	T.CS.034	T.CS.071	T.CS.178	T.CS.118	T.CS.129	T.CS.130	T.CS.139	T.CS.132	T.CS.131	T.CS.097	T.CS.122	T.CS.102	T.CS.112	T.CS.107	T.CS.167	T.CS.177	T.CS.098	CS.110	CS.082	CS.241	CS.356	CS.238	CS.237	CS.103	CS.085	CS.088	CS.242	L.024.M1	CS.015	CS.246	L.034.M1	CS.006	CS.113	CS.347.0	CS.304	CS.164	CS.330	CS.151	CS.150	CS.274	CS.346	CS.311	CS.228	CS.044	CS.207	CS.188	CS.078	CS.158	CS.112	CS.318	CS.285	CS.331	CS.343	CS.319	CS.322	CS.080	CS.227	CS.320	CS.223	CS.194	CS.163	CS.339	CS.145	CS.253	CS.390	CS.393	CS.326	CS.262	CS.270	CS.370	CS.255	T.CS.061	T.CS.049	T.CS.036	T.CS.026	T.CS.031	T.CS.055	TFS.021	T.CS.043	T.CS.008	TFS.020	T.CS.066	TFS.025	T.CS.064	TFS.027	TFS.022	T.CS.157	T.CS.158	T.CS.095	T.CS.109	T.CS.166	T.CS.151	T.CS.152	T.CS.141	T.CS.142
CS.094	0	0.673609792682	0.614435371931	0.642592223449	0.646044251611	0.628298027788	0.722393982866	0.605235860223	0.673241920678	0.608370737895	0.704634040903	0.640475933525	0.571437801943	0.633085207976	0.69815246227	0.663923999647	0.67223025022	0.716848517299	0.686233842672	0.67966699463	0.691964152643	0.635172999158	0.652062815877	0.685018961773	0.725070848211	0.617433383899	0.63752499685	0.641729185799	0.639350336139	0.70361316487	0.663474742632	0.595992968479	0.73637959405	0.600366891436	0.647691686767	0.69208915245	0.671919182107	0.65153170828	0.709050529908	0.689577563285	0.669008277823	0.66126224301	0.699710243012	0.648964509812	0.624827092384	0.681304633077	0.728574839404	0.731190675862	0.685528505866	0.697057002491	0.731101878123	0.726171971366	0.702379009569	0.688541846359	0.673774444846	0.715709210008	0.678495197925	0.697260427558	0.694756250742	0.674622301236	0.618497505126	0.65255651829	0.623249707471	0.617892709005	0.617621811185	0.606749048783	0.631067931458	0.630378380214	0.64495098135	0.658010484469	0.636907821563	0.642406625136	0.684722984749	0.588353706216	0.649272692233	0.681494150631	0.669182997054	0.657120561547	0.658591444504	0.665071916074	0.699349875237	0.640241441544	0.653625954609	0.62970262644	0.65718696277	0.570204090398	0.61824946564	0.617367517955	0.675749082542	0.660898066828	0.67683794803	0.69960818966	0.645541331247	0.649004495617	0.640455745596	0.674535363916	0.659233127527	0.685929345243	0.587847016746	0.629743226837	0.631671604632	0.576589014999	0.643910919064	0.607325158115	0.570330486981	0.588795701507	0.656294072996	0.681989381408	0.714726950838	0.649541074735	0.639543953954	0.672348530642	0.659483734804	0.710812484546	0.548261390325	0.667734080046	0.586080492541	0.698551133758	0.580591016966	0.557996597806	0.635653213233	0.636177635468	0.65970920425	0.667728706664	0.689297789226	0.655395277987	0.659633366241	0.685140244369	0.613716720355	0.724550773186	0.658581777757	0.663495170553	0.721033248542	0.64160218117	0.615543505847	0.625220480496	0.751593280515	0.676394105583	0.655252835271	0.665707245144	0.659390828302	0.695670079916	0.685389182679	0.678336651516	0.611465784927	0.652498203789	0.684992710962	0.716127494452	0.619603388946	0.592966014364	0.635541679384	0.582827238956	0.578654240333	0.636758792643	0.652355070831	0.600089091675	0.626213689327	0.620624999644	0.648879072203	0.604560852798	0.630089968742	0.670370107836	0.654593435604	0.606541579052	0.606211123892	0.606083491743	0.593560855512	0.560233191292
CS.005	0.673609792682	0	0.627113958218	0.56893999954	0.505257213022	0.499734538939	0.492913519018	0.539763061687	0.47618450244	0.553492651637	0.425918280793	0.567812831076	0.553448562955	0.550327189536	0.486489573777	0.65651684168	0.618086064395	0.777241589529	0.764140511848	0.63947939422	0.567531597053	0.681440705166	0.708958746836	0.605719303287	0.748229057503	0.587685822938	0.513337975432	0.675095557213	0.649532385559	0.634731754786	0.695782217174	0.651724747734	0.764691881125	0.583422313539	0.687984403573	0.702298640674	0.682768859504	0.60928701007	0.696682025911	0.482129584987	0.729427919259	0.555968001893	0.737061096974	0.682192160574	0.552895552678	0.636674977814	0.729568170471	0.696405418836	0.590098344385	0.6490876971	0.736426032152	0.72182838909	0.6952763602	0.67070362158	0.673768849526	0.745878871215	0.603862358106	0.657496716398	0.643773346338	0.654562436581	0.583076690086	0.5793055801	0.568405053537	0.573409350892	0.615852434059	0.578503018809	0.583597117174	0.55308237451	0.536540606804	0.661152921489	0.59423516295	0.592622828094	0.732907738568	0.559651182853	0.542161451705	0.485312792	0.586213995959	0.511518053447	0.501949877294	0.479364341324	0.491892434429	0.496878197923	0.508503637723	0.513756050395	0.552903109536	0.57481369994	0.503814877623	0.531729134001	0.49443843254	0.494928836829	0.617980263878	0.475202275758	0.520953473855	0.704058332013	0.553443508755	0.613738912199	0.53151213506	0.475794766895	0.680795921033	0.508859392581	0.577737880826	0.589131619684	0.496909484431	0.594722536511	0.487759724562	0.596865177017	0.693599740525	0.691368798449	0.713841998275	0.655895096851	0.596914590281	0.544090960233	0.695199569437	0.743942201951	0.617403333437	0.587227833908	0.564990332404	0.679223269815	0.694353547818	0.629112230227	0.623893921155	0.63115376853	0.68533520938	0.725660222675	0.565080542143	0.689944169826	0.690013985892	0.71009069073	0.590912125749	0.791193872107	0.617663205555	0.661261559655	0.767361967557	0.634336233368	0.671220059251	0.613431729508	0.733276634689	0.665214088314	0.677335043267	0.628851702392	0.694341472258	0.679187551212	0.676309148797	0.613595519464	0.614482717945	0.66644007955	0.513874523522	0.733492962004	0.574620307484	0.577549188528	0.630055747352	0.586029128237	0.667864308597	0.507986878208	0.527411251761	0.624296275419	0.568157144735	0.589803023554	0.503237796916	0.555515911827	0.516698064889	0.509881188648	0.474145586292	0.534363721291	0.551379632346	0.532992500351	0.596193053416	0.611081014461
CS.354	0.614435371931	0.627113958218	0	0.596223809674	0.593194499644	0.608389000871	0.647676056355	0.579387520866	0.615503627326	0.581100538416	0.663440825488	0.565613593957	0.568890372531	0.608189579564	0.633905965098	0.654289721622	0.634747759411	0.714554416531	0.706683938465	0.615929114863	0.66710852163	0.647193276414	0.675089784184	0.68446557775	0.684283581475	0.565606308197	0.548551356671	0.661203844694	0.63943564391	0.658239894245	0.689055024178	0.610969599277	0.71441340937	0.607500225536	0.638991386262	0.62513711069	0.647077131395	0.628486586621	0.683876270398	0.631419655243	0.707602223812	0.645404485702	0.700476670249	0.664188001184	0.62123519222	0.649691031141	0.707350221522	0.693077332071	0.596876547525	0.685100290484	0.693456193813	0.666030752446	0.657563115435	0.659154816831	0.652611312132	0.700134616835	0.653053773984	0.695961784704	0.679260123098	0.679006331474	0.604015249754	0.639986605996	0.593457157578	0.600398600601	0.642861368984	0.588113868697	0.597723582979	0.610999845598	0.583750443701	0.651127412412	0.624824765026	0.655027886427	0.671295373338	0.621726081955	0.642194858859	0.638078277941	0.624515937951	0.649314358225	0.611370842489	0.641009838607	0.672958203228	0.630956104323	0.629622893404	0.624526919998	0.61931554565	0.580956750393	0.619549362795	0.595697270032	0.623307253539	0.638123361678	0.626442701598	0.633087026233	0.606679723849	0.660598882752	0.6091560555	0.619582184048	0.611858978652	0.607807980341	0.582284708394	0.591580368853	0.592529057094	0.576286332233	0.60948733681	0.58362326001	0.575246591332	0.555846401104	0.652093994388	0.690915092716	0.659911372161	0.647837852972	0.642545685567	0.604745704552	0.675925803598	0.711348196681	0.578779388131	0.58812485099	0.577660675983	0.66961302458	0.669656815835	0.604020650419	0.59506746127	0.590492416385	0.676523953637	0.697097928971	0.646994957412	0.669168626075	0.680775181102	0.671459826888	0.60837384776	0.747124963702	0.632482658515	0.669646188822	0.717935496797	0.61632334387	0.630055469344	0.636266092348	0.709386524697	0.663612534486	0.618719868104	0.642005181373	0.609742909627	0.649356400935	0.671229081184	0.640455450353	0.635342610559	0.640233668481	0.605859224523	0.688903440097	0.550190562508	0.581757623161	0.592958020235	0.610197420244	0.601977568725	0.638877662758	0.616132802115	0.623403804608	0.568992445916	0.609513652465	0.646441656039	0.540771212984	0.620005083104	0.630133929382	0.635634150854	0.611697497904	0.580955888537	0.622182186948	0.542552361799	0.5746362591
CS.243	0.642592223449	0.56893999954	0.596223809674	0	0.566063311896	0.541833328919	0.58186165057	0.516616343947	0.576889403983	0.5514186237	0.590272097613	0.564420794183	0.544946023405	0.516365730628	0.598092128363	0.615104671089	0.606885206229	0.716307392988	0.738286013234	0.629764564547	0.595513022285	0.657502423214	0.67019557265	0.622433805816	0.706765067235	0.566689098258	0.555226092398	0.634651087557	0.624426134804	0.620199475615	0.654454650526	0.598402562432	0.734580363869	0.542912905348	0.640106784552	0.639396512931	0.615618631258	0.623401262137	0.657047131932	0.575352334073	0.684600143918	0.593753715784	0.694500864304	0.638273508263	0.559629640345	0.626283670897	0.703548339388	0.675811866732	0.582579365888	0.642733234523	0.705691835265	0.679266983973	0.675194154338	0.626871081544	0.623884766507	0.708805514963	0.610655685979	0.633418741287	0.640269245247	0.656541669856	0.570495680017	0.542168028597	0.565247793029	0.543484450189	0.583366645508	0.559542098002	0.558487219203	0.529860282117	0.521057529653	0.662485400677	0.595756658635	0.59903217637	0.661910076267	0.552129718636	0.587109490086	0.552422983398	0.604605135322	0.561828115408	0.53433085683	0.563618998955	0.584686168182	0.54685200794	0.563794652363	0.558573786758	0.525037989945	0.578766371904	0.545277033812	0.538715604174	0.553987177429	0.572881587277	0.609932599537	0.601957541238	0.550783467335	0.663489435318	0.577905523485	0.621521582348	0.568128744849	0.575718753976	0.633639960517	0.540314872793	0.545368199487	0.554087060257	0.537730477847	0.562137819331	0.522095617021	0.57129172705	0.686026310841	0.661246949014	0.706243647033	0.624665216098	0.613250428655	0.610905043131	0.657444326171	0.736078254108	0.585719448724	0.603578815906	0.563962214982	0.648045938551	0.639494025871	0.58667840496	0.623934423368	0.590938377984	0.631064070685	0.70093365714	0.58054051612	0.627117443931	0.639125447227	0.645131060686	0.591199344684	0.757450992911	0.585121052973	0.620693771805	0.704945326044	0.622553323219	0.63361613293	0.597832289089	0.701077909428	0.663551260461	0.630045465375	0.610180199035	0.648091608909	0.643606974715	0.633758092661	0.624620188548	0.604731937989	0.651262869606	0.567759968746	0.707118682682	0.567615889566	0.558398356328	0.571604566549	0.563200873711	0.613645284648	0.56137414708	0.542969460972	0.609021213907	0.555467503602	0.55817496662	0.565216914738	0.556171179338	0.539485664655	0.547799584473	0.530988553847	0.54075512242	0.549393925748	0.550337750535	0.562179754789	0.576540270579
CS.217	0.646044251611	0.505257213022	0.593194499644	0.566063311896	0	0.51545542165	0.548856982974	0.506902219668	0.469460069965	0.528391535409	0.530499198269	0.550334214891	0.537989316565	0.506862304776	0.527350663228	0.637463537967	0.613221754799	0.762740179478	0.758094823387	0.631796761323	0.612156919916	0.667599822511	0.694720895263	0.614874023707	0.737039473576	0.551449887258	0.491866242742	0.653862373447	0.650631334399	0.652894415723	0.714869415948	0.64008531949	0.762311937857	0.574045429475	0.677614598685	0.696663314325	0.672820019094	0.601588634576	0.691478160348	0.506249135085	0.726369093964	0.573661134545	0.724282935123	0.686763767164	0.57363188255	0.653620727223	0.723623882142	0.692100013622	0.591195156831	0.65992631497	0.738382034251	0.721049429527	0.689970591652	0.676139185879	0.686398358235	0.74157681316	0.619775586139	0.666224845784	0.646738163349	0.677762697136	0.551013794454	0.562336854368	0.557078720638	0.543229502555	0.59629120139	0.552262045333	0.566498175594	0.508985482334	0.50553702018	0.660650200148	0.605591207019	0.600540248501	0.707622753577	0.539549832023	0.557306519523	0.528426222022	0.593014507753	0.537761858459	0.515931945909	0.53992469913	0.553201888411	0.550388227902	0.52766933591	0.539517399654	0.529119335188	0.553107003311	0.516506308584	0.509932197119	0.538588167748	0.519930217331	0.631971984498	0.539187915015	0.512884039975	0.670319614722	0.519700124705	0.624501303809	0.55186739406	0.512015824624	0.621504875865	0.526938236942	0.529126719637	0.539523676672	0.532187496277	0.57908798214	0.48779851908	0.525760307176	0.669845212596	0.68003830482	0.676021267747	0.668976668519	0.62869537863	0.575086372579	0.684164019276	0.748266026438	0.594582697206	0.602617183368	0.514525034831	0.680502219214	0.683064305189	0.580505764332	0.627947029436	0.617783878535	0.670877071492	0.723361869859	0.59436468186	0.69108661988	0.685989333421	0.698719049804	0.597513623718	0.770456653224	0.640144041194	0.682546715459	0.768205798945	0.60937100243	0.654859046154	0.60366987153	0.722978383611	0.681081317258	0.664872520576	0.645988968932	0.676666231699	0.658490977465	0.675659507073	0.62574698903	0.619157800663	0.657060890861	0.548096732491	0.705183593827	0.558656797313	0.529167413192	0.565151167708	0.55921113146	0.630054108766	0.505120371103	0.488025242518	0.602173483554	0.525558353292	0.543184033822	0.517961349164	0.531333839386	0.504266553707	0.489802455242	0.50396192622	0.53341356528	0.516388142835	0.529941530866	0.555520660971	0.552097118346
CS.296	0.628298027788	0.499734538939	0.608389000871	0.541833328919	0.51545542165	0	0.539502062063	0.432071303643	0.511235828778	0.533803074723	0.524884427609	0.583025857484	0.517015777509	0.443967306681	0.553060964771	0.626393525877	0.603052793541	0.751066575172	0.742334006052	0.682071316371	0.568085230826	0.677913953888	0.694106803916	0.559869140108	0.759424359694	0.590195303938	0.542704698043	0.656054291224	0.64158840461	0.625516687363	0.671792501355	0.60407534593	0.765736604442	0.490109531602	0.654750475852	0.697974136534	0.664233327853	0.63308309065	0.711227821402	0.551060992625	0.673695745352	0.509238528948	0.736378614684	0.649749492039	0.51342417439	0.633090277232	0.724814683381	0.693561176088	0.60693829903	0.618534591585	0.745557608691	0.709236626876	0.696192870551	0.649202558137	0.670851462792	0.731155268104	0.605471260599	0.648390034951	0.632881655005	0.647574739311	0.544462221336	0.518187940114	0.540024152934	0.505945075741	0.559410345658	0.483820180353	0.536565384633	0.452182879822	0.497943998542	0.644234851259	0.547082883209	0.545119173026	0.718522520213	0.480286415718	0.502927672457	0.479704867813	0.57210194188	0.476250756416	0.454756378237	0.456413006329	0.501625290222	0.437333447651	0.477345244571	0.443902463257	0.50431597177	0.517770379501	0.410682479677	0.47057441828	0.501116348801	0.473369097574	0.657334927487	0.538516492385	0.511253722515	0.694165211837	0.55795221932	0.660838834232	0.560478331429	0.542420985626	0.622391765307	0.459691916018	0.514899931657	0.576441196669	0.47684663343	0.560700696478	0.520848834931	0.553366462547	0.696057907843	0.696309273727	0.736936616751	0.649369965026	0.562837226481	0.582281853834	0.653478579603	0.746941458633	0.587251839156	0.617780657358	0.53947905992	0.679901010579	0.63486027664	0.575083114957	0.654982459724	0.658603161491	0.654349625736	0.733814162604	0.579024701122	0.658829828524	0.640474101076	0.694833852154	0.619092269764	0.788314719437	0.625586021246	0.648413760957	0.756470381823	0.643872048195	0.605963639777	0.541797246809	0.74383138195	0.668885626766	0.662499677341	0.639898739843	0.680865386512	0.666896359237	0.655965044676	0.600710863075	0.549887856155	0.641829017862	0.543634603957	0.732690309398	0.534044337931	0.525201151606	0.563486695986	0.477488677948	0.582311183618	0.459627697948	0.48125218332	0.550133922006	0.513756468495	0.496931035029	0.440842645949	0.517359640827	0.421449840699	0.470102819312	0.441723834931	0.453349418014	0.471241125226	0.494237131917	0.533918385724	0.51677789434
L.022.M1	0.722393982866	0.492913519018	0.647676056355	0.58186165057	0.548856982974	0.539502062063	0	0.575960105204	0.474487948335	0.579611517554	0.491503841037	0.582425893733	0.612628126894	0.55579056063	0.489774915473	0.670208080899	0.641441047765	0.786191807159	0.780446714599	0.672717040084	0.577989573941	0.70515121593	0.742295545333	0.615647684502	0.766977349485	0.613991608014	0.574361147579	0.70792357221	0.673680834945	0.647305323486	0.7154756578	0.688172906775	0.78102147042	0.604826102011	0.700829529742	0.713735304579	0.688577000155	0.648641747406	0.71885599733	0.554591784444	0.748240360492	0.553601719171	0.760291198629	0.690580701214	0.587939422871	0.664021036002	0.750431867268	0.705941863782	0.619543992139	0.669787203695	0.764207737108	0.723148177573	0.703396571824	0.676445651943	0.696976847786	0.771811777655	0.63024437966	0.678645479325	0.651876250789	0.685229167628	0.621528541164	0.593796644803	0.604323906213	0.60239709576	0.637021914261	0.599099732127	0.606329122273	0.549322693251	0.555159940528	0.688971017729	0.625945667181	0.624254025397	0.723195485653	0.590331730284	0.590995493212	0.496807583652	0.609584040566	0.52050929479	0.524730435136	0.487110400821	0.449052616643	0.52474108264	0.500308343603	0.5428431387	0.540626682701	0.591095232826	0.5330614317	0.550309557645	0.489758781645	0.504419840899	0.670212054049	0.529803978523	0.555422248917	0.743302551413	0.607724612957	0.674570898263	0.560202633145	0.545921341627	0.70441150144	0.531223978351	0.576603520763	0.615352006269	0.543332090276	0.621663090153	0.58024234599	0.62496939429	0.720805981712	0.721278591252	0.741745716452	0.674892235412	0.629618785265	0.572737305544	0.730541974562	0.782604926874	0.669456069792	0.644908320986	0.615667992214	0.694153850748	0.719060838354	0.652091573281	0.672376220059	0.668725127664	0.702097462813	0.752058767053	0.572679639356	0.698874980462	0.707659556967	0.723771651951	0.635383884201	0.809876289334	0.630441176336	0.700547526706	0.787955389927	0.670886936581	0.695683468109	0.628628794954	0.759619425135	0.687254258769	0.707541771943	0.626651667938	0.702838630589	0.687938807284	0.68751633618	0.621926287958	0.656316372895	0.687638673699	0.539305326347	0.746609601283	0.603459124291	0.60146759115	0.628422171633	0.610951910913	0.67118688274	0.510454899783	0.525080711999	0.65563529375	0.578522780656	0.605409598308	0.520159734598	0.578961994658	0.53967794552	0.497500826336	0.483264886045	0.582928573301	0.569730373504	0.566037869075	0.621401219994	0.63838943088
CS.297	0.605235860223	0.539763061687	0.579387520866	0.516616343947	0.506902219668	0.432071303643	0.575960105204	0	0.54916723125	0.525191395822	0.581153302717	0.588354801408	0.48424480956	0.420693078178	0.571498075479	0.584028241249	0.581759444926	0.742504865329	0.749544583876	0.672255797339	0.512788184423	0.682168998658	0.689941481791	0.549542896589	0.738703409996	0.563351067441	0.530372545544	0.630900061292	0.638888431405	0.623274788896	0.658341846185	0.588200608711	0.748484020419	0.465647337836	0.638206780558	0.696518735258	0.653187831722	0.619520296508	0.706219436147	0.562559175912	0.667130920372	0.468301628924	0.691328776735	0.629382453734	0.474225906441	0.62522144178	0.71983861198	0.676125901031	0.591095744111	0.624108407223	0.756136329912	0.703311778795	0.671715404221	0.63589330088	0.640423252148	0.730328110709	0.57780999529	0.65675932153	0.628250178467	0.63195038549	0.497885541356	0.493486090058	0.490021164048	0.47845676278	0.493851006507	0.441184283756	0.504958587512	0.397214621936	0.44488483218	0.594330604701	0.524041357544	0.483691531878	0.69623776556	0.46565634792	0.456029946117	0.491947938183	0.524180693533	0.50020685722	0.466090438785	0.473163703184	0.54496263171	0.481342212374	0.478325090505	0.453245764981	0.518671296857	0.491035967385	0.446764631455	0.440211594682	0.507111922493	0.495055866218	0.63350656851	0.562736715163	0.492339429683	0.659768430425	0.549921117073	0.647974938892	0.573163907721	0.564636854875	0.60145127061	0.468394313953	0.51238675758	0.554988985322	0.498467871564	0.560047087073	0.501382704965	0.486472970113	0.692997058174	0.702369529588	0.734775949874	0.626185658062	0.578495536189	0.588129328162	0.631163269021	0.751227805564	0.575199329585	0.634019699412	0.499642995314	0.68627146826	0.579128580723	0.533560473291	0.64385221043	0.634879483911	0.626530772156	0.735573689394	0.578611379294	0.622042165869	0.617320651405	0.660064770987	0.596229911074	0.766698643433	0.560334946445	0.625299534379	0.717063238287	0.648190534431	0.600039926215	0.525358689343	0.752649757137	0.649343754868	0.660815760224	0.619020629874	0.644115332882	0.646713810949	0.631978529724	0.599394092462	0.509955889234	0.60709115319	0.559739890909	0.68555353447	0.501922868956	0.488232419012	0.503739117186	0.438819072923	0.492733506789	0.462118770498	0.470136380202	0.499367445931	0.447927676746	0.433367431061	0.463552911363	0.495258398065	0.429976625042	0.471237142597	0.471949446114	0.454952627818	0.429649980822	0.483976743749	0.46425536727	0.449965764194
CS.093	0.673241920678	0.47618450244	0.615503627326	0.576889403983	0.469460069965	0.511235828778	0.474487948335	0.54916723125	0	0.546220679832	0.51834649254	0.567858727251	0.554532699879	0.542755528247	0.450754704507	0.663474901429	0.628577483874	0.771312948359	0.76519539718	0.625309032118	0.618265256254	0.678728926677	0.70684106151	0.630600759298	0.748055879801	0.561613584791	0.515021452183	0.674132803211	0.663564576443	0.63896632667	0.707297243978	0.654534461801	0.775823503213	0.580154498079	0.689218273257	0.695866983798	0.684294348461	0.614503560526	0.701612388524	0.529728813711	0.740610436104	0.572061102222	0.75042288077	0.704236536191	0.573819721176	0.662520082547	0.751521001785	0.698792613298	0.601125002863	0.676214041323	0.731970680842	0.730774493255	0.699188852017	0.679218050776	0.6926439805	0.747541488817	0.632497366088	0.66774905668	0.654263379857	0.67816004378	0.592410699961	0.588550576611	0.571511204534	0.568832862566	0.620049935945	0.578661001865	0.58797808348	0.53868313239	0.532166122893	0.696677897617	0.608096351129	0.615389590168	0.721671522328	0.561963060073	0.575156298051	0.504509937878	0.611348405183	0.528562334945	0.525854522737	0.487497823622	0.509521267002	0.541072244439	0.510216828004	0.534683650155	0.545574261343	0.575633149821	0.527428073096	0.52866840433	0.518117013792	0.507307463374	0.610751062034	0.474253455617	0.534547845778	0.70628813445	0.557027654112	0.624016845823	0.529742914861	0.493133332099	0.66097763812	0.511781879642	0.578787329484	0.563027883995	0.543155262385	0.60943285382	0.527898319764	0.578008763651	0.696795126996	0.698152197633	0.686985447431	0.67073008342	0.621072829882	0.566608008948	0.711116424396	0.751505404849	0.616439074994	0.594344622449	0.553982950894	0.677008802172	0.699776644711	0.617885347688	0.620773495954	0.616083690469	0.691037304516	0.734553220726	0.586557438897	0.704346484241	0.704975311819	0.700282918188	0.603747678442	0.78818257126	0.637424931219	0.685178954357	0.772562014955	0.616498200365	0.678127376845	0.6259311281	0.742820708354	0.687540312688	0.664407564803	0.642800186071	0.709393396917	0.690691511727	0.68096369645	0.624636683078	0.639851238394	0.673564362317	0.520746472906	0.726988593482	0.573351415394	0.567273748218	0.618876827628	0.576154051546	0.658802575805	0.505616869353	0.514347646537	0.643999233895	0.577076445436	0.572267050662	0.528555865275	0.54848347744	0.537334532118	0.509056975812	0.510557511102	0.568197041493	0.557658623022	0.554998887096	0.605387506183	0.594337332565
CS.104	0.608370737895	0.553492651637	0.581100538416	0.5514186237	0.528391535409	0.533803074723	0.579611517554	0.525191395822	0.546220679832	0	0.560978325139	0.568444354174	0.506621681573	0.567973024709	0.528998098183	0.597812439566	0.575390277323	0.731147844906	0.697730158079	0.631737347299	0.570436036956	0.5955114371	0.6452527748	0.589936701484	0.697732951043	0.554282036027	0.529120735251	0.576903474962	0.582352709345	0.602273683531	0.640699516128	0.565062115136	0.729451726192	0.533854423721	0.604793507429	0.653514594952	0.619643560331	0.546277378539	0.619315323724	0.540166800314	0.662737856514	0.53733755415	0.690383114291	0.614296060449	0.534794219745	0.602492942391	0.685199623362	0.659665713556	0.588491391829	0.601399267084	0.704303854667	0.682645818609	0.646039279783	0.607561542662	0.626867390732	0.690233997907	0.591763468241	0.611095504164	0.602797307168	0.608055447628	0.532546327461	0.547216792954	0.54924240781	0.546476077159	0.568393056125	0.545250266757	0.560663173794	0.540363236525	0.527172503491	0.620513796256	0.565240993905	0.571635669032	0.67109630597	0.524936115163	0.554067875047	0.542923369461	0.5866918384	0.595755419397	0.531288352424	0.574193838661	0.602423822896	0.566562926587	0.570007039265	0.529545914351	0.587732337152	0.529480626181	0.543713124467	0.549793695456	0.582035241692	0.571854735958	0.589614623974	0.536394659477	0.523528787625	0.647033262825	0.518924241855	0.585713038944	0.534515225628	0.523258399037	0.592113394636	0.535499214573	0.575109997849	0.558776782218	0.542225308562	0.555768990376	0.511456600884	0.499290442548	0.63331731047	0.666446858384	0.67596558901	0.615911886785	0.566780133751	0.572933293278	0.645948728735	0.674442393708	0.530553376911	0.54910047932	0.50152399846	0.650852967738	0.61373171919	0.543710360389	0.571482883887	0.575076773746	0.614827097757	0.63602198442	0.565848693874	0.628950086549	0.605091491961	0.663728113031	0.534249890106	0.728552164422	0.57227713251	0.622977153599	0.723154900087	0.574708235268	0.609383904107	0.553479008705	0.706087460489	0.601408479458	0.606200688848	0.61116830764	0.639063534905	0.634022430258	0.610444092809	0.589918219432	0.562418081519	0.635700398837	0.564652055616	0.699852243296	0.562909051102	0.539242227706	0.573425063043	0.548950426477	0.600180740071	0.551256972999	0.558874619904	0.564662769002	0.527451867293	0.543798436209	0.547024486173	0.567445680912	0.532025591414	0.587214978246	0.556559580248	0.541180998539	0.572793305878	0.526553287032	0.575343796878	0.578241396669
CS.001	0.704634040903	0.425918280793	0.663440825488	0.590272097613	0.530499198269	0.524884427609	0.491503841037	0.581153302717	0.51834649254	0.560978325139	0	0.593234128028	0.588655891621	0.574830083364	0.46909286636	0.629830092925	0.608097441796	0.784665109198	0.769155219342	0.64339426343	0.544829511393	0.675707596107	0.71830078916	0.573214786651	0.762299403502	0.614083384647	0.55058241306	0.671408484998	0.636127928038	0.621475927753	0.678343654841	0.677881237474	0.781933689226	0.588698324667	0.681829427634	0.706983464557	0.666145578132	0.60570911331	0.65908129977	0.508482965645	0.720868313458	0.57414757783	0.751380382352	0.674030764903	0.587164375064	0.618612741016	0.737607201679	0.673811957398	0.615491669562	0.608148162964	0.722290235907	0.724581191937	0.689363851445	0.63132312904	0.665007533604	0.726649646696	0.592396185804	0.614929477718	0.611499453045	0.659374875642	0.618768703498	0.602310356156	0.608217687773	0.590247696556	0.643634213703	0.612729679255	0.595914937406	0.578661286085	0.571140708009	0.690624951735	0.617401639468	0.624623363073	0.713244237117	0.591387840991	0.584135119219	0.475121553982	0.589962733884	0.511859953556	0.52531642016	0.525998379271	0.49205169935	0.529677230233	0.539756612218	0.516239881799	0.580900707924	0.614020888326	0.542076850402	0.562050462492	0.514926683767	0.508540370175	0.631644661562	0.511853520974	0.530406374724	0.744975457408	0.590820253969	0.626996643004	0.541435139775	0.500663375622	0.708901731401	0.524988322665	0.625865526517	0.604748749103	0.532325036934	0.579029659441	0.546823038876	0.634329651574	0.699114678686	0.699237016702	0.716537839635	0.658528220419	0.592203676473	0.580762111328	0.718999181385	0.766615257341	0.647734114	0.599908917708	0.598036219785	0.665547643926	0.717621422212	0.659803425384	0.622501419917	0.631944433135	0.656358238529	0.719799406415	0.512947997101	0.680549309794	0.664529306699	0.702464619582	0.593372050134	0.796606999685	0.617347793422	0.666783206586	0.783076124428	0.641367432177	0.701624469625	0.61555273439	0.739141813304	0.645624008961	0.670982744894	0.625906094122	0.688906979566	0.666546232366	0.645448800794	0.585500288331	0.666240023652	0.68770499249	0.54570337512	0.753683072977	0.608618462787	0.577531245963	0.641163077382	0.620593353502	0.691342967162	0.511883602289	0.541796077957	0.66109902598	0.593839307725	0.625574870913	0.521624234362	0.618130160211	0.527751086407	0.540938154935	0.508698060087	0.55676545111	0.602890441718	0.582849508655	0.655033665118	0.673635543699
CS.257	0.640475933525	0.567812831076	0.565613593957	0.564420794183	0.550334214891	0.583025857484	0.582425893733	0.588354801408	0.567858727251	0.568444354174	0.593234128028	0	0.576275720941	0.572046762688	0.562538426763	0.651974093389	0.622693262785	0.739436883275	0.725135586439	0.610309253257	0.658379907344	0.665171785782	0.682047390343	0.670218582894	0.699455891726	0.56142034804	0.53098263818	0.654570497458	0.64379840567	0.665117538047	0.707886251963	0.629748446717	0.724118154691	0.603010392888	0.661523354279	0.646542925896	0.657079042212	0.609989367879	0.667032001088	0.597625536921	0.706015462615	0.62933262169	0.721614533808	0.66597921277	0.622596766941	0.674182741062	0.726438231947	0.696879937898	0.579842546963	0.681686086323	0.705579161521	0.682017432252	0.663106942051	0.66732338331	0.677120753673	0.712715445918	0.646066424678	0.675779308509	0.67746793757	0.660976255966	0.62715810151	0.609147306203	0.599408580257	0.606703943171	0.647461419416	0.606126204667	0.597258416682	0.599861476301	0.564411149203	0.670604159624	0.647162384012	0.659932144034	0.673950704309	0.590960342959	0.625565905627	0.578946649532	0.624958836066	0.612989915545	0.567803857677	0.596210379806	0.607859431419	0.58716506149	0.583170384565	0.610125905826	0.577232184318	0.577130831423	0.586908659566	0.561582738337	0.581025029709	0.560467115967	0.606347505856	0.586367880088	0.582594892475	0.676566963988	0.593047114125	0.609821576093	0.591589105153	0.55671655141	0.612052854074	0.564726952726	0.569840606645	0.590102981281	0.565376535847	0.545160737023	0.548212507918	0.584709082639	0.668994103837	0.694169093874	0.650835953789	0.637185930516	0.647631787969	0.578552144724	0.685416540411	0.711318870222	0.612004199906	0.580522125459	0.595494186869	0.65281321166	0.697566239163	0.628890831394	0.59209289659	0.601581358496	0.677072340007	0.70964263899	0.602499798736	0.665737253071	0.679715643257	0.691036550117	0.603479423715	0.753195122602	0.63594887467	0.660818300534	0.735340631457	0.612099132449	0.65881742703	0.653776816168	0.702532078021	0.677606143492	0.641780678641	0.638374842827	0.659313680397	0.673156712256	0.673956583745	0.63594375857	0.639280992835	0.673465047909	0.582992167879	0.703687383274	0.592110893375	0.58614635618	0.62437299807	0.604870451913	0.665049426701	0.608569323764	0.56157932779	0.623268608588	0.587869542268	0.605733379461	0.608443853105	0.544640947713	0.572126200976	0.589798290906	0.57963976751	0.60284395499	0.569621646788	0.56810088932	0.567655059719	0.597041226958
CS.019	0.571437801943	0.553448562955	0.568890372531	0.544946023405	0.537989316565	0.517015777509	0.612628126894	0.48424480956	0.554532699879	0.506621681573	0.588655891621	0.576275720941	0	0.555829003923	0.572822648783	0.582461983246	0.590005023493	0.727808550101	0.721435795529	0.636654158175	0.576795428911	0.630914710389	0.657580891792	0.588321635071	0.7258242198	0.558534081626	0.517875891762	0.59139443646	0.608772636362	0.629586145268	0.659407357316	0.568930223115	0.73758629409	0.508095834608	0.622621867051	0.671629680456	0.6311921865	0.593889143253	0.655627878915	0.560698537932	0.681576136246	0.527708415614	0.694883075206	0.624229417227	0.538408620813	0.624051116915	0.707890881947	0.663900503698	0.594786419393	0.625662808847	0.714343191545	0.682898422096	0.675402041392	0.627664414334	0.635693635669	0.697482935671	0.594311639273	0.626410265064	0.621254737354	0.634979612204	0.55373772959	0.541955631047	0.530793462502	0.510460623232	0.554955315379	0.537229722873	0.532454888029	0.526802660019	0.491629305147	0.630838451596	0.559882627427	0.574960659703	0.694032642024	0.529809474302	0.549390740996	0.544691516042	0.573137613253	0.557452258358	0.509693487698	0.564365644713	0.59241599235	0.525878499804	0.558274893026	0.525402056698	0.562426021194	0.518103133	0.501360102114	0.521297059273	0.553229267448	0.576104721769	0.611709229843	0.575465845119	0.525681999336	0.674343880596	0.53107264243	0.610598092493	0.554936010678	0.558069176768	0.595124258312	0.525409849156	0.554797162494	0.565751176174	0.522954754439	0.554810679572	0.508015395131	0.508953891044	0.651213589952	0.693175758139	0.676772006514	0.620035463104	0.583478287374	0.601172465132	0.631755875129	0.718124735001	0.515673476952	0.584657824865	0.523628037752	0.670536187381	0.606543749188	0.532164282126	0.606547228358	0.584372968623	0.635396963168	0.68418758291	0.58850458855	0.616485712307	0.633340175294	0.659082298322	0.554890016642	0.738646081871	0.587708777339	0.633202927314	0.727121730672	0.583149953933	0.621211009051	0.526043946432	0.732808055917	0.632897313542	0.651328826263	0.63348189029	0.651505965019	0.65177387175	0.616667846911	0.601993637432	0.565681226364	0.63208914031	0.558785927662	0.696156450474	0.532485887945	0.545340708308	0.57583481917	0.538948386397	0.575007550343	0.541295583131	0.538799573187	0.550633117515	0.513299369971	0.516024132792	0.540747971458	0.550767853938	0.520318784681	0.570124114215	0.550048047669	0.526337861131	0.528183227511	0.53395252758	0.562244927263	0.570157730529
L.005.M1	0.633085207976	0.550327189536	0.608189579564	0.516365730628	0.506862304776	0.443967306681	0.55579056063	0.420693078178	0.542755528247	0.567973024709	0.574830083364	0.572046762688	0.555829003923	0	0.604052280087	0.654216537025	0.64406955169	0.761620776188	0.77940550366	0.691398482127	0.591619459299	0.715861790922	0.742227511095	0.608924561251	0.765693573661	0.586420253924	0.554344263493	0.688985122409	0.69218873989	0.676238914972	0.712623033209	0.650391110156	0.763750922127	0.526836728016	0.685877483267	0.708192684742	0.681641501422	0.675692280642	0.744792293265	0.59519432061	0.702912691442	0.535622026526	0.74041744101	0.686516945681	0.557980950747	0.680689374552	0.755347404345	0.735598026088	0.638789429835	0.67689599835	0.785473788529	0.735711963407	0.70452241836	0.682837467657	0.690471711933	0.766436870091	0.641920162799	0.704842100459	0.673476808581	0.704104460495	0.564008090814	0.552082213636	0.569256814073	0.536125148273	0.557301401005	0.511667206266	0.56970892445	0.431574043543	0.517627524696	0.661836946406	0.589722162061	0.574711235494	0.720483921561	0.517154344484	0.527970276964	0.533885018291	0.582012836704	0.519127341676	0.506126581487	0.451414719047	0.540219938427	0.510191439816	0.481270664274	0.488874684048	0.467127682091	0.542487095493	0.452051626311	0.436331858179	0.507507135287	0.460195487276	0.67101029769	0.601019477842	0.504683457533	0.698888779602	0.564221027642	0.684707001766	0.582598411405	0.58409982225	0.638883089851	0.494078019527	0.471278020676	0.524220739841	0.542594482881	0.572105888982	0.504323281988	0.554234616297	0.714039338831	0.726377929425	0.760165656616	0.667383558671	0.640436177264	0.625326196061	0.696105091614	0.787322618622	0.624527211316	0.650889381143	0.553077827232	0.716417680359	0.645079439837	0.576893186666	0.679875455723	0.682020850575	0.681181878438	0.761482585962	0.610825495844	0.666747138555	0.678361294693	0.697775806925	0.641494378643	0.792147233638	0.614729260928	0.693017522699	0.750748882668	0.691526483151	0.654273895355	0.601397742644	0.76676564922	0.690025223791	0.706757760937	0.65134385365	0.691202929228	0.686525249642	0.686355730364	0.643211384456	0.58497637267	0.645037256654	0.582138999721	0.730532675148	0.535250406912	0.512929170719	0.540659495886	0.46994096677	0.578107236944	0.47710349953	0.473383576922	0.556318030343	0.507561113869	0.472391318473	0.479621899557	0.492204678617	0.469561376123	0.421791601287	0.449416991553	0.484597992573	0.431406468203	0.506951699452	0.458748057708	0.457786125003
CS.092	0.69815246227	0.486489573777	0.633905965098	0.598092128363	0.527350663228	0.553060964771	0.489774915473	0.571498075479	0.450754704507	0.528998098183	0.46909286636	0.562538426763	0.572822648783	0.604052280087	0	0.649067540951	0.606133377571	0.768222930564	0.746235099758	0.618198093839	0.584236971779	0.657322871292	0.711453806598	0.61371402321	0.735775171329	0.575383019824	0.507615889355	0.670407399634	0.637188018093	0.625246407707	0.697221577942	0.660263885471	0.770399667719	0.606322550755	0.685802576893	0.676799218342	0.659196060166	0.591113103636	0.663355643246	0.49515727799	0.736464834272	0.578036983713	0.741403456914	0.679071408911	0.589857323688	0.623345242799	0.716917786465	0.677152690038	0.587057602609	0.646964646825	0.707620483077	0.718502326408	0.685192383867	0.649225190029	0.694576948337	0.735375067333	0.593766486815	0.639650532032	0.626331686427	0.654730354141	0.606118490411	0.599679156664	0.596248190053	0.584501872194	0.641726114554	0.608119981718	0.598035550473	0.569617206366	0.564045190527	0.681613080321	0.620436220204	0.621346163714	0.719316970036	0.594093843981	0.603326830998	0.49141186931	0.590652759768	0.548839027087	0.518693186286	0.520666067991	0.508965041375	0.540047903232	0.53821584134	0.54575648848	0.587325087699	0.597025195633	0.556008494288	0.574525143	0.540141597419	0.528723844655	0.609555129019	0.381231409451	0.558792700511	0.720201543958	0.551960770128	0.592659250223	0.523633132035	0.463482779866	0.688460773909	0.52653904146	0.622919932144	0.603814736337	0.541748672278	0.593984568236	0.553460313781	0.61500778455	0.695398456686	0.692737969413	0.669766315616	0.660774690639	0.602361589321	0.553939682913	0.707218022328	0.736445880973	0.608377930248	0.588060427699	0.58460746904	0.670734957167	0.702957880501	0.645958654261	0.587426103903	0.602706429179	0.683343747902	0.712063137004	0.566747896611	0.704576460786	0.678793406496	0.709915295112	0.584937837743	0.789587030533	0.640686665609	0.665061923544	0.779107459978	0.613202367315	0.694601478764	0.617255196138	0.721671558201	0.663588797632	0.668899684752	0.62054539779	0.688170547681	0.675354019264	0.672338435479	0.622330555921	0.651571936485	0.69046480528	0.526778367554	0.731156729295	0.618978984255	0.597739496367	0.645291837008	0.620642862626	0.703196532457	0.533607678267	0.556482400771	0.659787586309	0.575846798215	0.617278145984	0.538721572488	0.592840224041	0.542670786413	0.549419509684	0.530421671606	0.590435027623	0.598338873548	0.587925061541	0.646101910726	0.649941842511
