CS.016	CS.280	CS.108	L.004.M1	CS.143	CS.059	L.006.M1	L.008.M1	CS.261	L.033.M1	CS.245	CS.037	CS.039	CS.172	CS.264	CS.161	CS.072	CS.229	CS.040	CS.334	CS.154	CS.290	CS.366	CS.269	CS.058	CS.381	CS.287	CS.060	CS.327	CS.230	CS.125	CS.205	CS.213	CS.126	CS.136	CS.128	CS.375	CS.376	CS.292	CS.232	CS.224	CS.236	CS.374	CS.041	CS.282	CS.177	CS.166	CS.129	CS.389	CS.372	CS.395	CS.323	CS.254	CS.359	CS.148	CS.147	CS.181	CS.256	CS.178	CS.349	T.CS.085	T.CS.050	T.CS.040	T.CS.025	T.CS.004	T.CS.012	T.CS.069	T.CS.034	T.CS.080	T.CS.019	T.CS.072	TFS.024	T.CS.048	T.CS.020	T.CS.079	T.CS.134	T.CS.177	T.CS.106	T.CS.178	T.CS.116	T.CS.122	T.CS.108	T.CS.128	T.CS.132	T.CS.100	T.CS.161	T.CS.115	T.CS.153	T.CS.110	T.CS.097	CS.103	CS.082	CS.238	CS.237	CS.015	L.034.M1	CS.085	CS.088	L.024.M1	CS.006	CS.241	CS.242	CS.246	CS.087	CS.356	CS.338	CS.234	CS.304	CS.346	CS.336	CS.274	CS.228	CS.308.0	CS.364	CS.212	CS.345.0	CS.358	CS.164	CS.207	CS.363	CS.194	CS.202	CS.227	CS.285	CS.320	CS.152	CS.339	CS.158	CS.319	CS.321	CS.343	CS.331	CS.112	CS.361	CS.223	CS.262	CS.326	CS.145	CS.255	CS.393	CS.253	CS.270	CS.390	CS.370	T.CS.043	T.CS.066	T.CS.064	T.CS.045	T.CS.036	T.CS.031	TFS.027	TFS.022	T.CS.026	TFS.021	TFS.020	T.CS.055	T.CS.049	T.CS.008	TFS.025	T.CS.152	T.CS.166	T.CS.109	T.CS.158	T.CS.157	T.CS.095	T.CS.142	T.CS.151	T.CS.141
CS.016	0	0.606935313467	0.625565684353	0.59899287863	0.565754817512	0.579921858096	0.593020669065	0.632999923812	0.574956216889	0.624385376828	0.582181177649	0.605509369512	0.563241945918	0.537298060328	0.603473431596	0.631213633954	0.572053646588	0.592573502945	0.536009732701	0.659683002178	0.721375838548	0.632388183139	0.677731921163	0.733067990421	0.587093901916	0.585026777045	0.629366623315	0.591229951306	0.613296605206	0.662497520148	0.642208843528	0.664083259894	0.652221308205	0.586985625194	0.601637426861	0.578482592248	0.568667405311	0.615957443602	0.600109296004	0.577683630944	0.733857599994	0.654540626713	0.66210547502	0.61207063463	0.649316419356	0.657099908939	0.662751349075	0.594234955117	0.642763537698	0.645542449714	0.645510339795	0.627039409111	0.645708503556	0.695823947557	0.679243907277	0.634296081767	0.634210334261	0.661134024333	0.624911332743	0.622183483795	0.580460450084	0.568338664068	0.574089236373	0.568731075901	0.59267818127	0.669102602623	0.628525431611	0.582145444911	0.604060870855	0.58340748745	0.581892803442	0.584431027135	0.584242997548	0.644806057013	0.648537789486	0.591045585036	0.591639875283	0.619051762553	0.608215889709	0.5800742305	0.580722012581	0.630100956536	0.635148583785	0.644250037939	0.621338766197	0.620473091717	0.623815170065	0.604771526091	0.603943657154	0.593281452609	0.573992798115	0.584033411311	0.548382705401	0.604645279337	0.572508006018	0.576682890501	0.568838199264	0.620104322853	0.616913611921	0.526456701981	0.57312613984	0.557291061649	0.559643371243	0.556098067152	0.664208183816	0.629938219053	0.676327871453	0.631828000674	0.695769501325	0.60460102406	0.648598677193	0.58006202885	0.636364435056	0.663871208298	0.658850246041	0.697967160771	0.723657631673	0.685105404903	0.666280417483	0.64623083406	0.72573043505	0.624776101339	0.728673013442	0.6721062133	0.615818567992	0.568556846117	0.599623705811	0.572135317564	0.62670967639	0.553109976975	0.637243254236	0.600627705727	0.584129128738	0.61930981213	0.64142626271	0.637807815075	0.617308767954	0.60407462197	0.614726066194	0.634565680118	0.719836460814	0.656417443786	0.622966673366	0.621986977534	0.602350401786	0.614542965345	0.559554523557	0.583440196104	0.609435069697	0.574159577417	0.564780411193	0.614235348648	0.71010353854	0.603885833483	0.601554701271	0.607918741027	0.645927960491	0.595997197153	0.58311191913	0.595484950372	0.595448015492	0.604866346076	0.583365120751	0.580755380903	0.622723540943	0.620612954388	0.610168879025	0.62227547601
CS.280	0.606935313467	0	0.607023202272	0.455031831731	0.612592859154	0.544024469599	0.547472997035	0.69149829198	0.442413493133	0.624808440109	0.564970967318	0.708713952422	0.602369784776	0.593808588915	0.609169074322	0.705525928084	0.489466549522	0.675135677279	0.578393000681	0.730359985628	0.794228071276	0.683872867359	0.736494095672	0.776318826047	0.628366039161	0.57062765614	0.662460417018	0.632023679109	0.598410144367	0.734686598563	0.668315097551	0.712662869223	0.704310659898	0.550837177249	0.670300121084	0.599817325163	0.647176941288	0.686518119572	0.629496186629	0.554528129687	0.755003291566	0.719511470885	0.677191558095	0.688477680879	0.702110579932	0.689051650517	0.706826340424	0.600981538607	0.686220476512	0.655362750828	0.661849988245	0.646941198934	0.671656590594	0.726781112277	0.710514499742	0.66990029022	0.643882235798	0.661719424046	0.605482957557	0.661795399528	0.524497056148	0.605885995898	0.471419580001	0.562467064124	0.5954584561	0.697464290406	0.581245781562	0.520661855146	0.638115455534	0.669349096341	0.545197110376	0.56476078702	0.564006684087	0.5096499244	0.693552427465	0.4997138413	0.469567145005	0.430473498779	0.468823207182	0.579382144818	0.463535000695	0.431215999968	0.539759039658	0.485307305546	0.492666156967	0.535036913122	0.435112588112	0.473100595549	0.493971709438	0.453661668358	0.579906082556	0.561705667993	0.562714857254	0.671130442555	0.562769236677	0.586423625843	0.562269529028	0.64935691803	0.53338649497	0.518542852975	0.495306638857	0.482841361174	0.509548550178	0.588412205483	0.702067763834	0.657955214685	0.682010669294	0.713497282386	0.764782490633	0.630815593729	0.695071542771	0.637981429162	0.714283458227	0.748025288931	0.650627733316	0.786993369634	0.765409975335	0.748444856084	0.708202453792	0.687318178222	0.75382051263	0.678938612717	0.788970634908	0.755422237078	0.598456186404	0.526069377314	0.683113425422	0.666855756448	0.672617721329	0.547670078654	0.664365922501	0.592938306462	0.684947815559	0.682985179559	0.67526973762	0.684852840419	0.63799138223	0.585169449734	0.618084880735	0.688645749424	0.753098372429	0.672385334812	0.66472178472	0.66959556546	0.529904197644	0.481259994081	0.526575327799	0.585903193743	0.538112879025	0.549014724262	0.525567264275	0.468897721871	0.741336787612	0.606599416376	0.471674188621	0.511096721741	0.652196854494	0.610284068336	0.580632245661	0.518061260155	0.494252711599	0.432423887436	0.451949466708	0.523524988416	0.457050701988	0.542652411111	0.455740873916	0.522334794575
CS.108	0.625565684353	0.607023202272	0	0.609101669745	0.581635923541	0.595199303995	0.608765475865	0.705113644714	0.559949703863	0.675802790769	0.67180162531	0.682686958578	0.604894965582	0.599715756757	0.620731733698	0.670039984783	0.583540211281	0.676408297827	0.58087556987	0.73475526413	0.772073737393	0.712421779138	0.744366970328	0.736986950667	0.609826128174	0.611172303843	0.653922179676	0.639042146969	0.627692268364	0.706351735433	0.700308803771	0.754435078122	0.7034105504	0.621742091082	0.61955417632	0.636381270632	0.69575735881	0.689459800679	0.601060523443	0.563858788711	0.780521028466	0.615258462161	0.688588316297	0.657123710078	0.706344858219	0.713517870944	0.698627277077	0.63637519464	0.664662186136	0.657242393122	0.647676103888	0.656151172534	0.687604268776	0.718154022571	0.721245348025	0.690989720148	0.652583023931	0.711775704714	0.66240047635	0.653229826896	0.649069572882	0.653709742895	0.578130185454	0.63771651641	0.699312172277	0.764606170791	0.666092221257	0.644232048803	0.745403394436	0.672978256363	0.601631637901	0.672863270322	0.655573996843	0.527876846947	0.739437220528	0.649324740481	0.586291030412	0.591985596448	0.546226235289	0.595156398448	0.596164939936	0.579694273806	0.537226761899	0.578438909881	0.594752535039	0.60376506282	0.569117925187	0.559182401816	0.570260882266	0.600983024003	0.541489440763	0.557750966523	0.612874635896	0.638700342033	0.629769912551	0.646801862211	0.539053443715	0.707689012166	0.648391242419	0.59855774507	0.56261165017	0.58212073651	0.597846485898	0.656863651879	0.744868203239	0.618383453145	0.662539264143	0.703149294509	0.746561603118	0.679130032663	0.73789037129	0.617742505365	0.666008899174	0.749798421631	0.760532973776	0.763638086968	0.794460974319	0.692144184932	0.678525969328	0.68214514024	0.794081890016	0.710815808917	0.791148019637	0.722404976855	0.659010531098	0.593871496403	0.700599722406	0.623309530314	0.689535647975	0.621056109912	0.700565052191	0.557349938676	0.633456291713	0.727123513557	0.68316904869	0.713799002089	0.643846218538	0.655851877472	0.634953383515	0.685806889258	0.732181433534	0.693527965942	0.670546137065	0.684903895609	0.66646115203	0.599751102397	0.632346042665	0.666140650246	0.532379150975	0.644496561173	0.681137539211	0.597133875974	0.747437092106	0.682027830075	0.572256751006	0.621592454437	0.721349586171	0.734897893353	0.717202328437	0.616854368196	0.634117877209	0.601302677232	0.610255465434	0.641204845789	0.608237505542	0.719891352164	0.679283028435	0.686151559378
L.004.M1	0.59899287863	0.455031831731	0.609101669745	0	0.595695944299	0.557783458156	0.534041192395	0.653697968779	0.444297428181	0.608530469836	0.551582658093	0.711546496023	0.600527918921	0.578922826148	0.630964625106	0.713334144248	0.489472967672	0.680735237854	0.608376676286	0.719107405945	0.802440069083	0.685398222309	0.745381535406	0.781325969909	0.637797815425	0.570116360525	0.643975330987	0.64006990887	0.579381392328	0.738223255301	0.685730206942	0.703017860617	0.705640737992	0.525953846496	0.670903107513	0.611436691604	0.638507791875	0.689321270151	0.626478149444	0.564201773036	0.758063232117	0.745364008902	0.684482048936	0.703971019308	0.698656828873	0.67118432778	0.707394256701	0.611554315237	0.681431140827	0.680482627723	0.674047192392	0.644319999792	0.670481991802	0.735869442366	0.69825748898	0.676516988169	0.639302269996	0.654984331789	0.597865006893	0.650564390116	0.484920582403	0.619563339261	0.470794380873	0.532864732712	0.542014184913	0.684633160781	0.546450696752	0.504718078722	0.613565538045	0.636342264484	0.564359238305	0.544409568626	0.560051811862	0.492620692286	0.696716181224	0.489011321577	0.486617242376	0.403580671177	0.502287273471	0.596171227448	0.474460292838	0.42610397285	0.555993536139	0.500079839777	0.525499889107	0.533893645058	0.458524997884	0.477875407691	0.507806803204	0.480980325754	0.562868996433	0.575924896855	0.551727957165	0.670694508233	0.572605646792	0.586858858423	0.55968189376	0.654999887684	0.483839599603	0.51141062823	0.504614376399	0.485008927931	0.51455203359	0.603847302869	0.707138679414	0.667224725324	0.692656240156	0.719195262609	0.776029652898	0.608815421685	0.675271460263	0.638871548177	0.724999347298	0.75049462781	0.673179647858	0.798514285988	0.771848897193	0.759910083188	0.704472464272	0.681611071516	0.746650557972	0.651371717354	0.790098159648	0.764086388228	0.602193782598	0.524252309917	0.641811468814	0.676919127054	0.670043910714	0.521395362326	0.672949095976	0.585658746406	0.675783971617	0.69604809709	0.684209506203	0.677754792373	0.635877837977	0.573861572629	0.618199721969	0.70981008903	0.754594373136	0.677371877676	0.684600168768	0.688223795371	0.511423461182	0.45548212736	0.493078816807	0.53967537085	0.544809903663	0.521560533902	0.469696149315	0.438660159026	0.716506267433	0.539449371013	0.432330625229	0.522053474703	0.624192947567	0.577847075612	0.543015182772	0.50220657287	0.491123321244	0.406635814954	0.457385016708	0.517640105418	0.422021438182	0.489984388653	0.437269446794	0.500240406029
CS.143	0.565754817512	0.612592859154	0.581635923541	0.595695944299	0	0.566541579679	0.57889494216	0.59811893082	0.568475777979	0.649568175796	0.593525416232	0.603085298097	0.574668128506	0.572597852281	0.600609892602	0.615715745518	0.564172245	0.597183277241	0.590775449114	0.647390836014	0.734383427181	0.623819529544	0.683304722444	0.708791762159	0.578231235819	0.589769006629	0.592830208137	0.603973351596	0.611885346186	0.657566132675	0.624732721354	0.670342992597	0.643759330851	0.572440922412	0.585470116585	0.578152075919	0.608652726269	0.609236318858	0.562790278278	0.554899981273	0.719400910477	0.647495426172	0.626716135258	0.619968087739	0.647320485904	0.638739508423	0.676382016283	0.604223414176	0.607315976456	0.610347661998	0.635709812932	0.605514810165	0.621679407797	0.68487298148	0.675940942575	0.625086494529	0.63257282964	0.631573443297	0.59934528554	0.613649476998	0.600277603911	0.62879826203	0.578220824932	0.599649234024	0.601397133226	0.693025447573	0.595196729978	0.599742086345	0.641990856461	0.617454118689	0.578950872793	0.597145422085	0.566787512192	0.609692867416	0.657313758564	0.611605643602	0.592459806806	0.609737279373	0.584017647638	0.584931243723	0.567693689041	0.608548781008	0.561292153833	0.595079676129	0.58967531031	0.587159326245	0.587497547893	0.593551129292	0.572196252163	0.600596770785	0.55224460121	0.586364204813	0.537264167648	0.592484913242	0.613372020575	0.552814781555	0.469716208634	0.642079040353	0.611255107138	0.538704225787	0.568205575416	0.558918045956	0.573848275574	0.615632607843	0.656414022342	0.609470840566	0.630598306165	0.681902218315	0.681443395152	0.601142022931	0.643033461572	0.579878656792	0.641247938611	0.676152968654	0.676538446414	0.714064198324	0.729188288766	0.660193755251	0.657277086301	0.630312389293	0.715803066207	0.654794334969	0.733400099999	0.657668875437	0.595736931316	0.566251623708	0.641798137089	0.583650997317	0.61096026738	0.59577743412	0.628123749198	0.566961074925	0.602192044735	0.64582797245	0.612808533153	0.624936023256	0.623392361507	0.607470893604	0.595721656854	0.654504711957	0.708885957662	0.622025465529	0.632712446651	0.608451182222	0.62282093762	0.592396219901	0.565169085275	0.613656019243	0.581260407171	0.595766606447	0.591252171354	0.583596118282	0.689277455945	0.616572747009	0.583994077303	0.589885428396	0.621304215482	0.624466484115	0.606461903207	0.59071812923	0.568942947461	0.5967031761	0.577155158703	0.606844014458	0.608526341551	0.635306717067	0.605284267555	0.62502585565
CS.059	0.579921858096	0.544024469599	0.595199303995	0.557783458156	0.566541579679	0	0.561262619636	0.67672343637	0.496069028826	0.623649154248	0.570332185341	0.637241906342	0.589207001372	0.572998041843	0.583391067935	0.645322881054	0.511526928809	0.619303040352	0.572710749695	0.67394597357	0.744818863031	0.653932033722	0.70862753977	0.761993646321	0.593497646749	0.548597391059	0.610846768283	0.613714957219	0.592882758685	0.697807211391	0.644097621319	0.69595500564	0.665160990297	0.512427333946	0.594918465402	0.572651544857	0.603599606579	0.643968645144	0.564795347437	0.5284020539	0.762361002302	0.673941669486	0.628493573134	0.602267845615	0.685856399774	0.661872707331	0.65535170189	0.599875445983	0.619871269081	0.614034609298	0.609119911478	0.612370472843	0.62828319214	0.724027699755	0.665822154865	0.644885668862	0.627266434298	0.636536019337	0.576885990475	0.608603159493	0.55242010591	0.603643731388	0.519601794073	0.534043122117	0.571545785858	0.660815903446	0.538200059383	0.532757730966	0.597450778131	0.600912973257	0.522570962951	0.550328956433	0.538971801877	0.550950853073	0.661618648336	0.535071646075	0.544271221159	0.559026295401	0.517643710214	0.611718695343	0.518388844562	0.553220454485	0.561521635114	0.548388222585	0.569877932637	0.565933726563	0.524171780146	0.555089369186	0.533411738809	0.527998852072	0.566943748936	0.550280737438	0.567384857861	0.629059462031	0.602466937235	0.58261036584	0.530002999271	0.654375962989	0.603961831598	0.569877140586	0.516263265039	0.521450460472	0.561438881177	0.635012887685	0.696759417007	0.616665247973	0.659289947591	0.68955169553	0.748944951663	0.579409069019	0.660898145443	0.619069185021	0.660826980607	0.712933421961	0.663053794164	0.741559593275	0.749532196714	0.719780992085	0.680835352439	0.637048550173	0.740649872937	0.647703533769	0.776279207402	0.701856700113	0.577422316515	0.51168339587	0.640667692501	0.628278934588	0.655489489214	0.572118138828	0.656033203139	0.556242656377	0.611985549693	0.653906274611	0.633919255061	0.639948942412	0.633073825766	0.569725976281	0.601398546993	0.654172991431	0.729270093909	0.63662039723	0.639936114628	0.629577172251	0.567050171211	0.543034730956	0.528335765543	0.554453875112	0.557046336626	0.526842567857	0.529047311878	0.512940270048	0.691061615333	0.568506711395	0.507874047581	0.576174634048	0.641903318051	0.58162999008	0.576166613791	0.50965036615	0.541873259673	0.538357512789	0.514870300375	0.583598930259	0.54658154376	0.593705313432	0.562676589795	0.59043684735
L.006.M1	0.593020669065	0.547472997035	0.608765475865	0.534041192395	0.57889494216	0.561262619636	0	0.639996273448	0.511914764535	0.636772558038	0.589435782489	0.643057642387	0.5972476572	0.592038865316	0.597209500666	0.670333805595	0.563693555179	0.665331755826	0.575046249866	0.667040196882	0.753867611314	0.653659793021	0.714556595988	0.745966886245	0.620461079908	0.553572581136	0.60621272685	0.63631687802	0.591345755418	0.688364270763	0.667537762002	0.707022680686	0.675333799009	0.581686930655	0.644963014206	0.601187966795	0.6369345802	0.66034033129	0.618075297364	0.581900156508	0.753623898891	0.669384259223	0.657484039625	0.644735391729	0.687391473023	0.690941107108	0.68290827518	0.602366658293	0.667265070164	0.647517760145	0.660076927683	0.645951672956	0.668598170634	0.737522806072	0.664907076532	0.676163186791	0.654105412519	0.669872793823	0.596263760443	0.62739406792	0.547882172525	0.608756604202	0.559957371476	0.565837411478	0.599865707204	0.706884634105	0.596447969887	0.560151620013	0.629581671211	0.635312475239	0.559881864142	0.571789726551	0.552537135631	0.565959154519	0.667366770328	0.564186227859	0.553721774778	0.552975569548	0.528723172617	0.580435815437	0.526989531702	0.567382462355	0.580422262964	0.560712245489	0.516361800396	0.568231533387	0.547058587394	0.542582053461	0.50882894041	0.540462109193	0.568132637211	0.558039269075	0.581938432435	0.647582251515	0.596381073521	0.559910232991	0.546154926991	0.622834677635	0.618471363068	0.58125099269	0.535511485355	0.529184580651	0.544848622274	0.603943301413	0.712206165918	0.617033391581	0.686413038369	0.71648006361	0.751607581306	0.629488157712	0.686327108812	0.598657534265	0.686745744404	0.70528704027	0.709566949283	0.759531950732	0.754373295955	0.709040378365	0.687096550545	0.662459409289	0.756183137417	0.669774346021	0.770694654051	0.729726951314	0.612533800567	0.563623127212	0.653315198067	0.633354820679	0.646002209073	0.537294726388	0.67084937419	0.57575523328	0.634529460237	0.667799014615	0.662443645633	0.672944901307	0.6301028626	0.603070953743	0.610765642834	0.670021987503	0.734998702929	0.671529844301	0.674322065468	0.640164666762	0.554043591833	0.548613004428	0.549117064394	0.599491722036	0.562646938903	0.575993364907	0.544756245203	0.53915660019	0.722144512963	0.608658049667	0.540340889819	0.569037730458	0.650211974477	0.606359652416	0.609023514565	0.572236776728	0.57681291461	0.528122640414	0.529474889538	0.584609158596	0.540704601311	0.57675568069	0.551043772867	0.577538327576
L.008.M1	0.632999923812	0.69149829198	0.705113644714	0.653697968779	0.59811893082	0.67672343637	0.639996273448	0	0.672140763203	0.668839354972	0.613230329239	0.5950902409	0.640879516093	0.621190815778	0.673729195218	0.596471571127	0.655193318617	0.612270484436	0.684414153479	0.602685613442	0.694195756114	0.559504687658	0.57323716166	0.634756112753	0.610130257951	0.637763044448	0.591698953	0.625026736461	0.644846820808	0.622896959912	0.551915954246	0.570435984341	0.55984756321	0.616701998963	0.604283617383	0.622719339351	0.60350184504	0.569605284867	0.644542283772	0.645000802593	0.620704510759	0.687543516867	0.602446646202	0.638854507251	0.569179921925	0.601066107341	0.633432704616	0.604424211844	0.571492100217	0.586014842902	0.649827562998	0.593163239928	0.605361189111	0.618810269056	0.599907759035	0.554508453971	0.592438685239	0.570520298129	0.665741369557	0.595297912668	0.620113830865	0.628104595911	0.674089049268	0.605648519747	0.577204253582	0.6834161537	0.608509404768	0.667257518741	0.613745673074	0.627182378657	0.637777150579	0.607586757062	0.613420453224	0.705494991175	0.557688504677	0.6446260094	0.675565766164	0.692695169227	0.662802157979	0.630541637534	0.640389302925	0.69109827085	0.639368548402	0.693045757814	0.676507562617	0.644635074872	0.692687295696	0.67185335994	0.645410220444	0.689053226428	0.653935625409	0.674547653145	0.610344824463	0.59401932232	0.681121030704	0.622532170925	0.628212181565	0.675500667346	0.659590838507	0.620914754852	0.683103985407	0.639483916587	0.633592434403	0.624256157849	0.635371674069	0.595546409642	0.623256308385	0.673274484946	0.593524030993	0.622771025063	0.552470548115	0.612566032491	0.622409127054	0.620942041013	0.654102024645	0.648777725469	0.641402810412	0.668422082182	0.597047652578	0.561494516114	0.586087776646	0.666132628528	0.674702477709	0.627748272678	0.569047220053	0.63963945218	0.595782665259	0.584721170166	0.54170612209	0.643374148192	0.550296829783	0.616633111053	0.620425494282	0.626096011145	0.573080763939	0.575918761215	0.563734161097	0.613032148233	0.568641820512	0.666128488592	0.674463824301	0.609594129297	0.57015702913	0.59602506446	0.649078695133	0.669964635643	0.627072731845	0.643629106129	0.672947650971	0.634821376362	0.63820255084	0.686739072696	0.641437588633	0.637467875783	0.662735849057	0.638151975099	0.515975162519	0.613012490204	0.562940532627	0.653931913622	0.654006511818	0.671303557009	0.654103500472	0.637566773588	0.68509711587	0.617338112529	0.636603259274	0.656500318663
CS.261	0.574956216889	0.442413493133	0.559949703863	0.444297428181	0.568475777979	0.496069028826	0.511914764535	0.672140763203	0	0.612825127411	0.533111515018	0.691436888592	0.611789073722	0.580008272843	0.598798308051	0.698994981298	0.467927865363	0.640073786525	0.561525138103	0.690708334465	0.775958159994	0.665571445009	0.725530799689	0.760595630165	0.606598118828	0.513253015398	0.607186575873	0.615095107133	0.578290793189	0.722408904058	0.650026751358	0.681142434172	0.686882116975	0.497575250761	0.626186940475	0.567020928698	0.62281200844	0.641578027766	0.594010887952	0.535440492768	0.75095069792	0.692364716699	0.666914643421	0.671419355701	0.681815818634	0.668572470474	0.670463599372	0.58826191901	0.644757943952	0.623175470803	0.62938406921	0.599551028499	0.64193212862	0.728978411938	0.67130549369	0.643900155678	0.615404201146	0.637339265557	0.562694379427	0.601244157722	0.511933562852	0.574550021134	0.440821572701	0.522790314397	0.545562715424	0.675600408771	0.535891513004	0.488040411088	0.589761642936	0.623826914315	0.489681068701	0.550525858478	0.512374460869	0.469305563285	0.681844019712	0.491342699536	0.429063171286	0.416199582634	0.424795819778	0.559066013433	0.450902930454	0.403576623605	0.491911111785	0.447522667481	0.523572501597	0.513344080693	0.430840598506	0.445954239253	0.447469264463	0.446134072207	0.54529703333	0.531190047929	0.560919325882	0.668350809315	0.57550605518	0.56682795362	0.526180203405	0.654520868128	0.543752577749	0.537829684745	0.467918305707	0.450719724763	0.484684838303	0.614294025458	0.695474227463	0.624275370722	0.670652982433	0.694101220701	0.769127088281	0.579490316576	0.669337536288	0.625225449576	0.700621603641	0.723881862366	0.661804593217	0.779659997091	0.774488044235	0.743357125159	0.684998164424	0.641986873397	0.744904334743	0.636621345053	0.794261194978	0.745832673254	0.575593951751	0.489940977743	0.642082717249	0.65820840283	0.648895764802	0.518640259921	0.650856605647	0.549974958651	0.649687824802	0.671942001461	0.641023755058	0.657402000411	0.612955946508	0.562510996776	0.571597340837	0.670767440846	0.745963036413	0.649763299232	0.650438168035	0.633697705337	0.523484910655	0.474622634249	0.47104285723	0.54525751286	0.540943416318	0.511280034602	0.489212081618	0.446366446324	0.713482224678	0.547592859635	0.445898776696	0.506820680179	0.65264670944	0.569280197451	0.569631745288	0.495062000328	0.482145120634	0.445667995597	0.437324063138	0.520367834134	0.459838475378	0.55424064956	0.48703014761	0.535310198058
L.033.M1	0.624385376828	0.624808440109	0.675802790769	0.608530469836	0.649568175796	0.623649154248	0.636772558038	0.668839354972	0.612825127411	0	0.567397520119	0.64939100941	0.633380890546	0.588072080217	0.637539086239	0.647323923258	0.607440727226	0.628816255509	0.630341699506	0.699487140444	0.71594814947	0.660840941546	0.676682821375	0.697699859852	0.631227952172	0.613788765524	0.664414563893	0.597974392496	0.592672992289	0.647614521952	0.647463072828	0.692555840571	0.65548503029	0.59137361446	0.629414744247	0.611394005727	0.588219030847	0.636801906248	0.646284360706	0.632688183318	0.725434829208	0.677925971436	0.642255709305	0.648548149516	0.6694046672	0.64961672195	0.675629532597	0.636806592139	0.675246085569	0.67479643343	0.680670355602	0.673493074591	0.651818876546	0.726085077036	0.684927872572	0.639105889803	0.652334820371	0.671116166293	0.619565449095	0.665632839199	0.573882257179	0.616303158764	0.566652434412	0.606583722358	0.591246886497	0.663760673014	0.643719442883	0.574044647281	0.571191022559	0.603799428289	0.634877509049	0.59375156033	0.604722994606	0.664329241052	0.632366877222	0.606498725395	0.618029619261	0.642224155531	0.63007274236	0.62425638218	0.616003627786	0.633608747018	0.639743646869	0.645847090662	0.639914236601	0.639642905266	0.63600487623	0.640086067921	0.618487895818	0.630210899617	0.632291990336	0.647215273118	0.599872468018	0.637846692239	0.587719845614	0.583022344761	0.644229685512	0.571966134267	0.577163095707	0.563336891759	0.614378425365	0.604303735233	0.60604171083	0.569572183505	0.660823346163	0.661818979383	0.662717663123	0.680747987637	0.729053336763	0.592748606001	0.65203553755	0.628964320818	0.641074968685	0.66335719356	0.651713945671	0.708942313648	0.715487508621	0.691295506795	0.655718156523	0.63516533792	0.733234210835	0.588933817418	0.717831645218	0.684889519182	0.632723556652	0.60031583782	0.587037578913	0.636033502238	0.669453216098	0.561192951797	0.652450087859	0.642900847	0.623095301277	0.620794342109	0.650311329196	0.612715903516	0.626037401357	0.604492497451	0.656069551725	0.648123805562	0.69844000747	0.663337393206	0.671957603793	0.663423519219	0.567210530288	0.585216014555	0.582129795193	0.59224898423	0.623759781508	0.569545348403	0.576213730253	0.613127530613	0.671893051144	0.563847231018	0.611320738635	0.576034604486	0.648232250456	0.587409324249	0.593321980575	0.58068482385	0.580874022224	0.615974225445	0.592235965516	0.556913182734	0.613180999022	0.581257121996	0.577281222701	0.587510285908
CS.245	0.582181177649	0.564970967318	0.67180162531	0.551582658093	0.593525416232	0.570332185341	0.589435782489	0.613230329239	0.533111515018	0.567397520119	0	0.656814858543	0.576027485734	0.552994348193	0.63147146618	0.63040431222	0.579277895041	0.616945024156	0.592567442178	0.693938172701	0.714646508122	0.643084296491	0.663201181835	0.705678192905	0.622619683069	0.600192408031	0.638070413449	0.603003006346	0.552425818237	0.670300260135	0.628261297061	0.666950968129	0.660241379628	0.5483570838	0.627187731737	0.613068254643	0.569575557489	0.608776393383	0.64035849383	0.600315040808	0.694076220416	0.694730253024	0.626572589731	0.619370614737	0.661754938583	0.662755413699	0.694867437792	0.603021431048	0.639907119815	0.643079798851	0.669890040906	0.658953847016	0.64828097387	0.70469353603	0.664751597092	0.640925224004	0.647972268561	0.669284034588	0.599139243925	0.643495800261	0.55508308171	0.554758330264	0.531805126003	0.573156915897	0.543296224504	0.620466342017	0.56754668551	0.561326400947	0.557356177811	0.56007103222	0.579601414179	0.538603947372	0.539108480197	0.610710962627	0.637006675845	0.552322473651	0.595290403215	0.577262965078	0.589453146569	0.592438476208	0.575176356144	0.58452516365	0.64353351145	0.624444590599	0.598608324046	0.608065718736	0.585764322706	0.596242162138	0.55894141465	0.554693336683	0.592303794741	0.615040905601	0.602864250413	0.619858138041	0.559949990857	0.585988980302	0.598282231994	0.590422044873	0.563357182119	0.535174458787	0.580949777652	0.539199389228	0.56996697783	0.568401831488	0.629783070292	0.646009683519	0.647998973842	0.64489061106	0.691795451456	0.591049266449	0.629408966978	0.63104628485	0.65817007386	0.664789167594	0.603631497094	0.705438675506	0.72192389784	0.685037115305	0.662996606967	0.638704700695	0.708908494907	0.586220867218	0.744128296286	0.683498877727	0.585883783485	0.574859461884	0.612412928372	0.616196127561	0.641722109069	0.544374522967	0.633264972553	0.647446540252	0.60539560157	0.613337073452	0.622195064583	0.626284132889	0.619479517207	0.587532873781	0.636039918931	0.636571296825	0.727249385162	0.645149889173	0.640068338588	0.65907355061	0.549394721371	0.581576272554	0.54141794112	0.535073161706	0.608812889953	0.52619114946	0.513133717842	0.581718840683	0.674017998252	0.54615210201	0.570629594229	0.552461584437	0.61883814636	0.533892113095	0.529124179642	0.530010968929	0.563456983781	0.577621981157	0.559571715164	0.514737046035	0.584214780792	0.531778518221	0.538640720879	0.497322240392
CS.037	0.605509369512	0.708713952422	0.682686958578	0.711546496023	0.603085298097	0.637241906342	0.643057642387	0.5950902409	0.691436888592	0.64939100941	0.656814858543	0	0.562123782323	0.612249964748	0.665806338705	0.598913505693	0.686397869228	0.574986703909	0.661673858188	0.639798209796	0.666840388928	0.591129035336	0.642268280096	0.67465016683	0.608297031262	0.650427197487	0.640957297998	0.641240459337	0.650611944267	0.632153670889	0.643943756719	0.670679276752	0.595857018938	0.653132313713	0.616369035924	0.638965258772	0.654685881972	0.60454176879	0.630194124679	0.648191639415	0.71284078844	0.644270507782	0.644844505024	0.619985975007	0.651809627143	0.65424558697	0.634641851176	0.644195330111	0.63593515032	0.62272724815	0.631771689446	0.634716420851	0.637032775928	0.726985763161	0.636254447384	0.65915554456	0.645512648651	0.655626671446	0.665498074191	0.597935201422	0.668800612172	0.656027402464	0.668142129818	0.660058489184	0.651472452296	0.698576712578	0.676544019758	0.669250236082	0.642095354951	0.643788622207	0.679784077019	0.650332164165	0.629372764869	0.731421474678	0.604537550347	0.684881921124	0.678763112754	0.726785548149	0.694491962041	0.648763189826	0.685994773352	0.723290178733	0.667409318461	0.713673428347	0.667202500684	0.667753245587	0.724257336982	0.69385866534	0.660109218233	0.694957984334	0.658423580927	0.672215069691	0.648867121969	0.619862781771	0.636241872116	0.593089304982	0.633490735288	0.671657265805	0.725304213636	0.658219791957	0.683189794636	0.662201858182	0.67067032035	0.652347922881	0.697076265471	0.62458840362	0.652073586862	0.695323793779	0.682562549193	0.660673985075	0.672238585084	0.606774328853	0.618095245137	0.637956618865	0.708802517726	0.672939855315	0.691737827552	0.659962728873	0.66765620844	0.612748185838	0.701943295624	0.69235475205	0.693942283103	0.638352479873	0.644752939865	0.670884632487	0.650463811568	0.594239702565	0.601571125	0.680606399504	0.641716080154	0.632193063683	0.585505176461	0.641028798695	0.639475121557	0.593486733619	0.644548781508	0.642172852496	0.636994868576	0.639090915404	0.7169276946	0.651136197964	0.635723121035	0.605952250833	0.686869837876	0.720454437969	0.651001971315	0.667328289577	0.667225092976	0.663788998295	0.647497001997	0.696772016363	0.668300788979	0.659225020404	0.701919660693	0.675850129334	0.616148655006	0.629281373647	0.655004838693	0.678117686786	0.697467452467	0.708299661409	0.69559357657	0.678767987184	0.719462007047	0.690537125466	0.686005089774	0.676240359055
CS.039	0.563241945918	0.602369784776	0.604894965582	0.600527918921	0.574668128506	0.589207001372	0.5972476572	0.640879516093	0.611789073722	0.633380890546	0.576027485734	0.562123782323	0	0.559963810615	0.603171184344	0.612522411956	0.594558398974	0.631810224548	0.596691750534	0.665361423369	0.701334551234	0.660501459354	0.698610663741	0.71852832738	0.566692406376	0.612717830905	0.635917650314	0.558292230488	0.605724868538	0.651145943389	0.664345325942	0.682372128268	0.631309818651	0.615131780952	0.580193697938	0.622162500569	0.624627004369	0.627333912961	0.583116799241	0.567852318584	0.729092615695	0.637429939829	0.629844703051	0.609054806358	0.676308127227	0.657567015485	0.66786986496	0.574808835396	0.635038691794	0.64476316859	0.637743037642	0.652399435472	0.642941447647	0.711034194348	0.653304043009	0.638657428699	0.634320092019	0.645972699052	0.640711301753	0.638233978466	0.605478744928	0.586275952658	0.592861075755	0.616416772714	0.621574842555	0.677015462655	0.645283958118	0.617038138456	0.631563906703	0.621502435504	0.625461330264	0.607345938271	0.599538333575	0.640082143464	0.660604049639	0.624988537124	0.622422153856	0.632684972627	0.612408276882	0.565429406181	0.628302682881	0.630471146937	0.633434229586	0.645694586245	0.604363398273	0.600445822715	0.630229797759	0.599891987049	0.594042136424	0.614160374427	0.520356090524	0.587459539968	0.574729492828	0.564788289409	0.575941439962	0.565793394042	0.550904459454	0.623566418477	0.638106994416	0.545936640922	0.583624124907	0.595060155023	0.614766859098	0.573118372378	0.674149947274	0.613704255186	0.664406886692	0.667549124593	0.690446463757	0.644592894646	0.668711634567	0.544364133157	0.61684360098	0.676243808404	0.665909909177	0.682717949508	0.709510920818	0.616941622305	0.658159180735	0.632553240828	0.720584001545	0.65601482199	0.734025752339	0.645642395615	0.619642023351	0.601728189431	0.656399799504	0.567234620691	0.640811572338	0.605310753059	0.652816343861	0.607426195825	0.541305870032	0.637976015107	0.655317480719	0.631312073376	0.643141614314	0.62705440583	0.638425751948	0.634074922305	0.68242520039	0.652608863894	0.646281608054	0.645905059742	0.634230644324	0.629196227398	0.582522673955	0.603606677084	0.581321295328	0.589025586853	0.599017938447	0.634179945916	0.697268751079	0.628742941503	0.621956318647	0.604207909807	0.651475737951	0.629141944146	0.625343315433	0.605870405054	0.63801201554	0.602065543265	0.619441932983	0.597710691319	0.619399996489	0.626156113001	0.616116400342	0.609059680671
CS.172	0.537298060328	0.593808588915	0.599715756757	0.578922826148	0.572597852281	0.572998041843	0.592038865316	0.621190815778	0.580008272843	0.588072080217	0.552994348193	0.612249964748	0.559963810615	0	0.588336870537	0.618969198409	0.55520303548	0.63893008012	0.557718309993	0.690267008961	0.706164220759	0.650251156158	0.691183795491	0.697279256246	0.571258209713	0.593614528076	0.652133803806	0.551272710446	0.561418917109	0.652211109774	0.65004367078	0.68016731229	0.643934073198	0.581237651854	0.574044507665	0.632935224972	0.579211249222	0.624908303212	0.589162328956	0.541456334083	0.723646079202	0.642707711224	0.639101897075	0.594283866927	0.656421076861	0.684215306265	0.683286212139	0.590176008943	0.618283390327	0.660132319064	0.654624396648	0.661528944187	0.658736921109	0.685982030547	0.658815536076	0.640799625297	0.639959050731	0.673713364983	0.62358034509	0.654676975275	0.573012489112	0.562131506667	0.547285670279	0.570413442622	0.593838566945	0.645643019925	0.620370649499	0.574832619043	0.628775528179	0.587443664021	0.592180227419	0.592972040973	0.586104457136	0.600794178787	0.643406192455	0.585709681055	0.594341343877	0.616177370501	0.584030514314	0.544550217425	0.587034774798	0.616414271055	0.620066266501	0.625260058176	0.596987340632	0.562396135721	0.598550689485	0.565872327435	0.576905350747	0.591400734257	0.557543087981	0.544736335762	0.554135609864	0.570553039206	0.549137438336	0.574018875464	0.515128710231	0.602821868557	0.585408095356	0.506917118132	0.576781465056	0.558321575599	0.559991396246	0.526599599824	0.639385135601	0.606342811692	0.609361948929	0.659838073926	0.660338082127	0.594372528236	0.638789123921	0.543655325079	0.592402170575	0.678893003052	0.638297263303	0.657801687956	0.718048903392	0.639071833369	0.612763428467	0.645095071889	0.711696559684	0.609350693236	0.715605625093	0.66999378663	0.619182432667	0.593955781009	0.611362749086	0.546481638775	0.659800216627	0.542872794291	0.638984744636	0.608560799903	0.535602029024	0.62368115986	0.649103427798	0.634268439543	0.606682196552	0.616452054451	0.62173672142	0.635789718036	0.682630239837	0.658273762444	0.646954720436	0.663617475241	0.570747848038	0.567485777567	0.565322425288	0.56252545814	0.566797452895	0.548778842758	0.58039701297	0.600445615074	0.67757068702	0.611659819685	0.59194584183	0.588061431436	0.626534720581	0.605888037861	0.575191743065	0.578406772852	0.586092441661	0.599845342429	0.57576324875	0.545778703057	0.592031997594	0.590544566493	0.576570115419	0.577179748107
CS.264	0.603473431596	0.609169074322	0.620731733698	0.630964625106	0.600609892602	0.583391067935	0.597209500666	0.673729195218	0.598798308051	0.637539086239	0.63147146618	0.665806338705	0.603171184344	0.588336870537	0	0.64662525729	0.590580634724	0.658835801163	0.58744107571	0.669492037073	0.701391311873	0.665661464738	0.69675731919	0.70551780386	0.584945356449	0.606131423974	0.596424681509	0.604618617164	0.646530770544	0.643274878374	0.639306627776	0.690864016917	0.652483074253	0.602906285471	0.601444024053	0.623081143549	0.608672978971	0.661114322536	0.585213868789	0.563393546149	0.730727045512	0.658149700027	0.629635677974	0.612992922025	0.669192016515	0.642700807793	0.662687097872	0.585149585674	0.633865993875	0.657973179573	0.623372428348	0.639175746746	0.642320038812	0.690339002316	0.654545081737	0.639918825161	0.644720258728	0.653565477402	0.62526603578	0.636097041311	0.612835362399	0.606686885049	0.585958019934	0.6094495584	0.638667968031	0.637349280962	0.643836256721	0.624018766154	0.643103946881	0.593267455279	0.59220205403	0.64542411771	0.598705119756	0.614262843801	0.645772330588	0.595835878409	0.590108797001	0.639589062577	0.569361956196	0.551639729171	0.588064215191	0.637185347947	0.585248878283	0.604882540414	0.598450196501	0.5760445727	0.598572671061	0.560775295132	0.574408215101	0.601865624341	0.585902740159	0.538528217006	0.608798791093	0.600892144912	0.653499960071	0.602288386733	0.56106033896	0.673656690791	0.633420159862	0.597047948682	0.621847566204	0.581431920693	0.549247387017	0.594484787368	0.669863796244	0.59684634545	0.635146167912	0.65303026297	0.703575070355	0.627009325324	0.638900218921	0.588008155692	0.641374498907	0.672195034528	0.663084481055	0.686942899948	0.711432367538	0.636401912018	0.635872410443	0.652630048172	0.705595968146	0.656363269492	0.727309405492	0.673704024173	0.605167774893	0.623435090073	0.647221428036	0.604744455635	0.661432045538	0.609233170617	0.651212774356	0.601521614417	0.594461941378	0.630037423386	0.64044702656	0.65596240856	0.603569736656	0.639848129491	0.624652382739	0.631399520823	0.665106246122	0.646248102024	0.662644490537	0.648911645375	0.626236725933	0.607360602723	0.597731095367	0.624910082569	0.584392773333	0.623375752486	0.639979953071	0.607008277997	0.684436041813	0.649004210239	0.616738167892	0.626873865745	0.666164322234	0.670735648361	0.6418489215	0.584522855386	0.594698871736	0.607248428682	0.574511113444	0.603498039907	0.621892961766	0.660667648686	0.647974716958	0.661616810947
