CS.199	CS.091	L.031.M1	CS.277	CS.280	L.006.M1	CS.297	CS.104	CS.257	CS.259	CS.357	CS.086	CS.093	L.033.M1	CS.019	CS.248	CS.118	CS.371.1	CS.186	CS.056	CS.230	CS.381	CS.062	CS.042	CS.072	CS.050	CS.040	CS.171	CS.388	CS.060	CS.205	CS.224	CS.375	CS.232	CS.380	CS.128	CS.376	CS.378	CS.213	CS.203	CS.236	CS.374	CS.126	CS.125	CS.302	CS.372	CS.386	CS.395	CS.214	CS.177	CS.254	CS.268	CS.348	CS.369	CS.147	CS.166	CS.323	CS.349	CS.178	CS.389	T.CS.041	T.CS.085	T.CS.050	T.CS.057	T.CS.067	T.CS.058	T.CS.029	T.CS.080	T.CS.034	T.CS.072	T.CS.046	T.CS.025	T.CS.071	T.CS.082	T.CS.079	T.CS.098	T.CS.115	T.CS.153	T.CS.180	T.CS.130	T.CS.107	T.CS.114	T.CS.117	T.CS.160	T.CS.106	T.CS.129	T.CS.159	T.CS.104	T.CS.100	T.CS.156	CS.087	L.024.M1	L.034.M1	CS.082	CS.237	CS.015	CS.103	CS.085	CS.110	CS.238	CS.088	CS.241	CS.246	CS.356	CS.006	CS.113	CS.387	CS.164	CS.191	CS.363	CS.308.0	CS.338	CS.234	CS.304	CS.364	CS.207	CS.311	CS.187	CS.274	CS.347.0	CS.227	CS.318	CS.080	CS.152	CS.343	CS.202	CS.158	CS.361	CS.194	CS.223	CS.112	CS.322	CS.319	CS.320	CS.321	CS.390	CS.145	CS.370	CS.255	CS.326	CS.262	CS.393	CS.253	CS.270	T.CS.036	T.CS.049	T.CS.064	T.CS.055	T.CS.066	T.CS.031	T.CS.026	T.CS.043	T.CS.061	T.CS.008	TFS.020	TFS.027	T.CS.045	TFS.025	TFS.021	T.CS.109	T.CS.157	T.CS.151	T.CS.166	T.CS.142	T.CS.152	T.CS.158	T.CS.095	T.CS.141
CS.199	0	0.629138864729	0.616888113512	0.599798021575	0.634016795129	0.59838336168	0.598582352654	0.533914441486	0.59193034328	0.614759797384	0.604455841895	0.59395118065	0.601298062652	0.604936215724	0.596713138193	0.580263552889	0.560245843391	0.615553668056	0.626508278035	0.637774142415	0.633506079563	0.596823434315	0.558761044235	0.589093098067	0.602675054218	0.61257614785	0.598560417816	0.553129857044	0.681187407288	0.587910012948	0.68486160329	0.706760278706	0.58593048548	0.584580695728	0.625631375424	0.612157095118	0.603099621673	0.654730102182	0.658283293695	0.604442640917	0.62449768669	0.6350638884	0.601961414352	0.639988632638	0.684579308071	0.63952679003	0.690894071041	0.662623958042	0.639801944448	0.654857803094	0.637623173818	0.644155031069	0.624872416681	0.696026936732	0.63536701579	0.671174548661	0.647795501586	0.634626242054	0.635939714192	0.623370102999	0.590648870388	0.598118511057	0.628500446886	0.679517275783	0.594425208863	0.625372085267	0.604179468996	0.629659291621	0.611272770116	0.605408495862	0.603335743649	0.573420831031	0.631574984049	0.608325805709	0.628303252005	0.637562597821	0.655082126807	0.624415793622	0.615054158859	0.617032614725	0.637359769948	0.627451200835	0.629893329521	0.660238900884	0.666227822475	0.654589377925	0.65787209561	0.615377974392	0.630705615487	0.610694919719	0.555581932616	0.625312986016	0.593181509471	0.601155403553	0.568006168836	0.600518049702	0.578891969414	0.570239699128	0.59652177216	0.56645435742	0.617314140507	0.603034969506	0.618680638419	0.678678116747	0.559125133144	0.565034016057	0.604025538685	0.633019585202	0.606420913554	0.613555731244	0.612749525066	0.617895272234	0.652048551796	0.643942067149	0.661721902838	0.654970397671	0.57887135707	0.61723236361	0.661812497248	0.60035435341	0.702891530032	0.613443346008	0.562319116841	0.604231087115	0.621465802655	0.637723208704	0.564071554862	0.626895729219	0.720830803965	0.631294094021	0.585920331157	0.640938288166	0.630833952255	0.619336289726	0.592194470918	0.630533770862	0.620759032687	0.643712456416	0.610805932314	0.628495948372	0.648630437278	0.623909084197	0.705111667653	0.656978881294	0.614461920654	0.646783584151	0.596110377598	0.6107843474	0.612901198154	0.598715768971	0.696174146769	0.606867230954	0.60619285188	0.615133753466	0.607582137595	0.595168972353	0.606257587353	0.590359767158	0.582017489309	0.628282992401	0.605347169712	0.637752128141	0.611973555548	0.630355366311	0.603835988073	0.611706045047	0.63006497408	0.629229957714
CS.091	0.629138864729	0	0.643198858229	0.618620356369	0.683762555855	0.679132403876	0.66852764813	0.598029753227	0.684295709462	0.678726743558	0.667841656743	0.670424817223	0.674311473737	0.661997719792	0.652853496906	0.543966456263	0.647089752952	0.641736310701	0.692827556428	0.593519869272	0.641861245666	0.598561245729	0.627223345647	0.629046171138	0.641129519547	0.647294622526	0.663885490476	0.64593929156	0.684613027263	0.585724948544	0.599934234823	0.657047273827	0.587707166895	0.615556587281	0.649368997943	0.60204215205	0.575236441227	0.633935496544	0.592164775654	0.65398002027	0.653057113892	0.590344513873	0.60254005793	0.599348945718	0.624189956138	0.576248226142	0.633642899238	0.608489038794	0.584976202141	0.585747745273	0.600084945964	0.602979199517	0.617058050893	0.622624559083	0.573978393442	0.616915953548	0.566864684007	0.577915825452	0.633870978415	0.557448403015	0.661827321431	0.652372502478	0.665626541954	0.646425469291	0.650269319525	0.657544984479	0.644473990785	0.626868722248	0.676739345242	0.639167681607	0.606653451347	0.631260264988	0.669965228225	0.66500469759	0.607088003003	0.692281292437	0.687361176418	0.676789890156	0.679957225991	0.653809435101	0.683781139594	0.680189176551	0.644177794621	0.682530916823	0.706720582659	0.668908401379	0.697685181822	0.683044322753	0.698159486645	0.666203527521	0.653690740445	0.691066357893	0.651363871708	0.629815818598	0.591414254023	0.68731094086	0.625760274416	0.616654416442	0.60117876755	0.630638573349	0.706770624454	0.668482059076	0.648002494769	0.653374104747	0.636858825948	0.646659980718	0.59683970127	0.678063421476	0.65158849238	0.593409827968	0.612517757843	0.615889177147	0.636885755825	0.633106506911	0.61254858206	0.612086027328	0.645929316744	0.591838672523	0.595485877787	0.595287544756	0.636678209721	0.588031831924	0.584395620989	0.62545218816	0.567247007776	0.653960598354	0.608201042985	0.620209294098	0.664982165957	0.575314251163	0.622108829513	0.61093121022	0.56948650895	0.589657111457	0.66000290009	0.562146185704	0.622386889263	0.615450615685	0.579821166252	0.584358624469	0.607573052032	0.647181607244	0.644860979719	0.579021189982	0.65629291823	0.635305462393	0.651786832661	0.662373043497	0.680388415063	0.65924844437	0.665394560387	0.671588652849	0.650939940153	0.660878115565	0.677055872543	0.677966531408	0.661896879901	0.638798046486	0.659618910879	0.672990442325	0.675727722662	0.683121461201	0.646999934028	0.695690330518	0.650348332491	0.657891174495	0.702469643689	0.707000162821
L.031.M1	0.616888113512	0.643198858229	0	0.536154014012	0.55917739607	0.568214924518	0.580801477228	0.58029162553	0.606769662051	0.581200404472	0.578649067292	0.549326830657	0.54423326263	0.66208851805	0.593799162213	0.569801797461	0.614125698356	0.661840031696	0.549761302332	0.652446429378	0.671640420015	0.540518766111	0.576534639225	0.659629784893	0.523685477279	0.66600953139	0.605889956161	0.610339796877	0.727775951566	0.629459926806	0.669743250299	0.7340797471	0.627759379439	0.541004993304	0.574044049544	0.58799290494	0.612397676664	0.688207217129	0.663859799681	0.598919146166	0.660309836803	0.62429646539	0.549905150049	0.617950487844	0.695477706579	0.606951183011	0.700742306593	0.581639957505	0.628128140792	0.67165619102	0.605283001455	0.624266926623	0.528207584291	0.700718599015	0.637054233001	0.643397718737	0.569604842858	0.583324663164	0.602873341439	0.594473169574	0.585392484059	0.584000684642	0.618940497953	0.712756164608	0.583146179443	0.6018309197	0.594431545677	0.675416074178	0.595048304089	0.5288325097	0.61620009606	0.580525387084	0.575069334638	0.591443919492	0.658049660627	0.536290373788	0.498680159047	0.502115952917	0.543045757002	0.496414015963	0.546216042846	0.566052499773	0.573816862378	0.504307447913	0.548174283239	0.531223665354	0.529103265485	0.529675500127	0.561216468136	0.575172642909	0.659468131932	0.628407235172	0.611864326653	0.519300052964	0.620337923218	0.662770017004	0.575609343217	0.526167990035	0.637754980786	0.606813642919	0.716845778915	0.583715368849	0.528330200269	0.687883710802	0.583661209211	0.658772410929	0.610027695742	0.714527354162	0.570635089423	0.621049007334	0.661542033807	0.573012027996	0.630056563455	0.677980408066	0.685828223075	0.638179856948	0.651916462232	0.59013964895	0.658209241529	0.679521294753	0.7702824753	0.625964995845	0.599003459214	0.517715808445	0.628012729718	0.676598635382	0.627494978631	0.664728918181	0.736038038009	0.593564658834	0.622570284186	0.672630632564	0.61920519999	0.586961569705	0.608755587436	0.639060949819	0.571908078567	0.624438547934	0.568936692217	0.580237507582	0.672325183015	0.653214793683	0.701495978527	0.633051998095	0.543262037255	0.628745245278	0.590385882025	0.608455123005	0.554071549009	0.597382281016	0.713801010643	0.621834185137	0.620288707949	0.667292663502	0.525536945391	0.620418948166	0.621932941045	0.627586843343	0.643722827803	0.533714892148	0.609213032821	0.627246962057	0.537372321605	0.66968169574	0.552338675826	0.508388949929	0.5702968137	0.664582789338
CS.277	0.599798021575	0.618620356369	0.536154014012	0	0.554385426497	0.551858395992	0.497046024961	0.559097488548	0.60036647642	0.504268421284	0.541005199184	0.578694402629	0.571943130138	0.597874445257	0.557649054148	0.579983613517	0.600664036264	0.555835671362	0.567191521002	0.611262781113	0.651958461053	0.524430406918	0.534060505291	0.60375957462	0.52417908695	0.626383911026	0.584609430767	0.60318008355	0.661201491137	0.584830934008	0.625969755387	0.70661730477	0.562904852679	0.559586474176	0.514135323666	0.532268509225	0.585957608356	0.648543060377	0.618335122012	0.558074300614	0.668029977954	0.613300347629	0.5177324461	0.603718134947	0.645876981014	0.587438667243	0.668144137609	0.592108635051	0.584108381947	0.630072909511	0.598675691834	0.640756017852	0.565239566507	0.677792776556	0.596222944799	0.622982769071	0.584541687076	0.559475619519	0.552574152741	0.598220062507	0.542894771652	0.538693983671	0.590333400415	0.638991066427	0.522319329346	0.550764778549	0.595120974683	0.534724189836	0.525426603299	0.541826294919	0.561488610834	0.544958145621	0.534584422679	0.557575770065	0.595125674225	0.565224819786	0.550601372423	0.562676462208	0.585271561085	0.512803258271	0.538285373031	0.550426508597	0.526899387482	0.545972413598	0.548268463804	0.538083281765	0.581399882709	0.554674753384	0.57911451868	0.531668318148	0.619890262903	0.582431471279	0.563029336414	0.582710932669	0.604249277624	0.612861966252	0.568089407681	0.554386930833	0.614601492921	0.5454758869	0.632514785632	0.546963327716	0.527957093835	0.652381507646	0.532822698908	0.558312326559	0.545429518199	0.696408199807	0.521564255144	0.583273735875	0.639187546735	0.579743030695	0.613577473342	0.661262977485	0.65686175321	0.605453571538	0.588387805503	0.57098519053	0.601847215767	0.635031984544	0.717717108048	0.586341173095	0.57814679057	0.508118608873	0.606835428081	0.627689992089	0.610145455179	0.613534042583	0.678860535518	0.568369321582	0.583219840375	0.621877898368	0.57104404004	0.548735521453	0.56973001322	0.607826016607	0.558698228567	0.597320329243	0.551463980764	0.579034695677	0.580975179464	0.634589230664	0.676458175407	0.587222210212	0.547844955518	0.586165520802	0.52759099807	0.552531310198	0.5526709497	0.532866576379	0.646643624081	0.548458606343	0.551247929794	0.570907884875	0.533349300952	0.536357689646	0.558804406986	0.544048305064	0.537494380448	0.541923630159	0.548996742122	0.541752481102	0.557570240897	0.585435077919	0.53402855047	0.517770450593	0.547813264553	0.570727332206
CS.280	0.634016795129	0.683762555855	0.55917739607	0.554385426497	0	0.547472997035	0.48007680123	0.562570431775	0.586600434814	0.483008122715	0.450813250343	0.512153505334	0.503930090097	0.624808440109	0.530244979555	0.665013691033	0.604360377921	0.610240927477	0.549391049535	0.703310935782	0.734686598563	0.57062765614	0.529324207993	0.641431316802	0.489466549522	0.68135272214	0.578393000681	0.60535487331	0.709420148344	0.632023679109	0.712662869223	0.755003291566	0.647176941288	0.554528129687	0.545480431433	0.599817325163	0.686518119572	0.706029949544	0.704310659898	0.547864394752	0.719511470885	0.677191558095	0.550837177249	0.668315097551	0.731263231311	0.655362750828	0.714025187124	0.661849988245	0.650775460045	0.689051650517	0.671656590594	0.706978549682	0.621268593738	0.769965886015	0.66990029022	0.706826340424	0.646941198934	0.661795399528	0.605482957557	0.686220476512	0.543023406629	0.524497056148	0.605885995898	0.714569771787	0.556692776611	0.569785530876	0.634902690612	0.638115455534	0.520661855146	0.545197110376	0.63070458012	0.562467064124	0.53924286868	0.556474318153	0.693552427465	0.476461596399	0.435112588112	0.473100595549	0.562161908613	0.463983642174	0.444425316184	0.527064910679	0.494510142361	0.469490106895	0.430473498779	0.479918695852	0.523034859336	0.429164856917	0.492666156967	0.477693635112	0.588412205483	0.53338649497	0.586423625843	0.561705667993	0.671130442555	0.562769236677	0.579906082556	0.562269529028	0.650237232432	0.562714857254	0.64935691803	0.495306638857	0.509548550178	0.702067763834	0.518542852975	0.570420515625	0.613425400906	0.748444856084	0.506338221322	0.687318178222	0.714283458227	0.657955214685	0.682010669294	0.713497282386	0.748025288931	0.708202453792	0.615349164241	0.651746062106	0.695071542771	0.721631983477	0.788970634908	0.685340921362	0.626050834909	0.526069377314	0.664365922501	0.678938612717	0.666855756448	0.682985179559	0.75382051263	0.67526973762	0.684947815559	0.712436220487	0.672617721329	0.598456186404	0.547670078654	0.66472178472	0.585169449734	0.66959556546	0.618084880735	0.63799138223	0.684852840419	0.688645749424	0.753098372429	0.672385334812	0.538112879025	0.652196854494	0.526575327799	0.511096721741	0.481259994081	0.549014724262	0.741336787612	0.529904197644	0.593417274613	0.610284068336	0.471674188621	0.525567264275	0.585903193743	0.580632245661	0.606599416376	0.432423887436	0.523524988416	0.455740873916	0.494252711599	0.542652411111	0.518061260155	0.451949466708	0.457050701988	0.522334794575
L.006.M1	0.59838336168	0.679132403876	0.568214924518	0.551858395992	0.547472997035	0	0.50837250888	0.550362591526	0.577510595026	0.527588215376	0.546396337537	0.542472028253	0.55094821082	0.636772558038	0.553841494096	0.645692415833	0.5830286856	0.628543968669	0.570943316596	0.677080745179	0.688364270763	0.553572581136	0.557352970268	0.654866984288	0.563693555179	0.667938963671	0.575046249866	0.57809094338	0.720089711881	0.63631687802	0.707022680686	0.753623898891	0.6369345802	0.581900156508	0.547064237978	0.601187966795	0.66034033129	0.682550175276	0.675333799009	0.524283243517	0.669384259223	0.657484039625	0.581686930655	0.667537762002	0.736731826899	0.647517760145	0.697189586538	0.660076927683	0.665461904375	0.690941107108	0.668598170634	0.664145190294	0.613404042541	0.723038236337	0.676163186791	0.68290827518	0.645951672956	0.62739406792	0.596263760443	0.667265070164	0.569764270869	0.547882172525	0.608756604202	0.706157557289	0.58718873815	0.542124098975	0.62295935137	0.629581671211	0.560151620013	0.559881864142	0.607595588837	0.565837411478	0.561911209477	0.571761039673	0.667366770328	0.529578059047	0.547058587394	0.542582053461	0.56668996003	0.537353728441	0.524638531485	0.554714219003	0.557280521824	0.563121643885	0.552975569548	0.558256158409	0.578362511762	0.526504005876	0.516361800396	0.533881899534	0.603943301413	0.618471363068	0.559910232991	0.558039269075	0.647582251515	0.596381073521	0.568132637211	0.546154926991	0.617316026997	0.581938432435	0.622834677635	0.535511485355	0.544848622274	0.712206165918	0.58125099269	0.602653633284	0.619589245113	0.709040378365	0.536453877496	0.662459409289	0.686745744404	0.617033391581	0.686413038369	0.71648006361	0.70528704027	0.687096550545	0.616620781508	0.640383392762	0.686327108812	0.692202702338	0.770694654051	0.645842089467	0.605423599255	0.563623127212	0.67084937419	0.669774346021	0.633354820679	0.667799014615	0.756183137417	0.662443645633	0.634529460237	0.67097727701	0.646002209073	0.612533800567	0.537294726388	0.674322065468	0.603070953743	0.640164666762	0.610765642834	0.6301028626	0.672944901307	0.670021987503	0.734998702929	0.671529844301	0.562646938903	0.650211974477	0.549117064394	0.569037730458	0.548613004428	0.575993364907	0.722144512963	0.554043591833	0.591122053997	0.606359652416	0.540340889819	0.544756245203	0.599491722036	0.609023514565	0.608658049667	0.528122640414	0.584609158596	0.551043772867	0.57681291461	0.57675568069	0.572236776728	0.529474889538	0.540704601311	0.577538327576
CS.297	0.598582352654	0.66852764813	0.580801477228	0.497046024961	0.48007680123	0.50837250888	0	0.525191395822	0.588354801408	0.431896161505	0.419976283654	0.54859823964	0.54916723125	0.574173533074	0.48424480956	0.644703289191	0.580929217188	0.538617712392	0.58071572056	0.686684294952	0.689941481791	0.52092769596	0.517602309171	0.611409507676	0.49124056693	0.672255797339	0.574717394996	0.582703727906	0.642049386827	0.621953123098	0.667130920372	0.748484020419	0.588200608711	0.562559175912	0.468301628924	0.556055804079	0.638206780558	0.696518735258	0.658513010114	0.465647337836	0.706219436147	0.653187831722	0.474225906441	0.629382453734	0.691328776735	0.63589330088	0.703311778795	0.647474767446	0.615827320827	0.670290809276	0.646650388618	0.695241598701	0.60883277383	0.756136329912	0.640423252148	0.676125901031	0.624108407223	0.628250178467	0.56466320359	0.63195038549	0.490021164048	0.46720656761	0.575894472861	0.672698543608	0.441184283756	0.504958587512	0.620730320372	0.550681046294	0.46565634792	0.532557132508	0.58576814614	0.493486090058	0.456029946117	0.47845676278	0.655254272844	0.495055866218	0.486858030215	0.541819274551	0.572520592607	0.466090438785	0.446764631455	0.565549635157	0.471042458227	0.514689800024	0.481753771135	0.50020685722	0.584111313872	0.507812749424	0.550539958181	0.460456459628	0.575118328972	0.51238675758	0.560047087073	0.562736715163	0.647974938892	0.554988985322	0.573163907721	0.564636854875	0.63350656851	0.549921117073	0.60145127061	0.492339429683	0.498467871564	0.659768430425	0.501382704965	0.486472970113	0.553047748196	0.734775949874	0.430184718299	0.644151707199	0.683618172799	0.645537882973	0.66199100338	0.702369529588	0.713063451694	0.68627146826	0.575199329585	0.61309668823	0.631163269021	0.692997058174	0.766698643433	0.626530772156	0.596229911074	0.496317208474	0.622042165869	0.617021652853	0.64385221043	0.634901394302	0.717063238287	0.625299534379	0.634879483911	0.660064770987	0.617320651405	0.560334946445	0.449648215147	0.649343754868	0.525358689343	0.631978529724	0.599394092462	0.619020629874	0.644115332882	0.660815760224	0.752649757137	0.646713810949	0.559739890909	0.60709115319	0.447927676746	0.488232419012	0.470136380202	0.501922868956	0.68555353447	0.438819072923	0.509955889234	0.492733506789	0.462118770498	0.433367431061	0.489328915437	0.499367445931	0.503739117186	0.471949446114	0.495258398065	0.429649980822	0.454952627818	0.449965764194	0.483976743749	0.429976625042	0.471237142597	0.46425536727
CS.104	0.533914441486	0.598029753227	0.58029162553	0.559097488548	0.562570431775	0.550362591526	0.525191395822	0	0.568444354174	0.540233130062	0.534864640983	0.540708192593	0.546220679832	0.600605907614	0.506621681573	0.542659485342	0.523915452696	0.590848022377	0.597676720513	0.625861815716	0.6452527748	0.533479791531	0.501992534981	0.575843484709	0.524937579405	0.631737347299	0.53965278847	0.542098354009	0.669583758292	0.575258997306	0.662737856514	0.729451726192	0.565062115136	0.540166800314	0.53733755415	0.536969229524	0.604793507429	0.653514594952	0.651198266375	0.533854423721	0.619315323724	0.619643560331	0.534794219745	0.614296060449	0.690383114291	0.607561542662	0.682645818609	0.628152761991	0.606117758215	0.656798362649	0.623402333309	0.619770942561	0.591308122865	0.704303854667	0.626867390732	0.659665713556	0.601399267084	0.602797307168	0.577282873479	0.608055447628	0.54924240781	0.544143240656	0.581994862781	0.668141522262	0.545250266757	0.560663173794	0.57920726439	0.619656588461	0.524936115163	0.534391323679	0.566065786571	0.547216792954	0.554067875047	0.546476077159	0.650690971457	0.571854735958	0.576295588138	0.563915618514	0.569920155422	0.531288352424	0.543713124467	0.599075321305	0.545511232088	0.584173157412	0.582626040898	0.595755419397	0.616467049102	0.545491946987	0.576140047242	0.533359726343	0.538232398926	0.575109997849	0.555768990376	0.536394659477	0.585713038944	0.558776782218	0.534515225628	0.523258399037	0.589614623974	0.518924241855	0.592113394636	0.523528787625	0.542225308562	0.647033262825	0.511456600884	0.499290442548	0.560458318685	0.67596558901	0.544888865241	0.617333641405	0.611035628961	0.607779696188	0.65166358171	0.666446858384	0.667543636592	0.650852967738	0.530553376911	0.591700278953	0.645948728735	0.63331731047	0.728552164422	0.614827097757	0.534249890106	0.520785684392	0.628950086549	0.636822426172	0.571482883887	0.615654757827	0.723154900087	0.622977153599	0.575076773746	0.663728113031	0.605091491961	0.57227713251	0.511641097573	0.601408479458	0.553479008705	0.610444092809	0.589918219432	0.61116830764	0.639063534905	0.606200688848	0.706087460489	0.634022430258	0.564652055616	0.635700398837	0.527451867293	0.539242227706	0.558874619904	0.562909051102	0.699852243296	0.548950426477	0.562418081519	0.600180740071	0.551256972999	0.543798436209	0.566031329661	0.564662769002	0.573425063043	0.556559580248	0.567445680912	0.572793305878	0.541180998539	0.578241396669	0.526553287032	0.532025591414	0.587214978246	0.575343796878
CS.257	0.59193034328	0.684295709462	0.606769662051	0.60036647642	0.586600434814	0.577510595026	0.588354801408	0.568444354174	0	0.580290178405	0.56341854553	0.539368988944	0.567858727251	0.586014909649	0.576275720941	0.65711234594	0.541412465535	0.628419608277	0.568189265958	0.679793393006	0.682047390343	0.627077482134	0.57035699212	0.629569676933	0.591151845847	0.610309253257	0.598501231434	0.558341042073	0.723092920652	0.588273370558	0.706015462615	0.724118154691	0.629748446717	0.597625536921	0.62933262169	0.618077797979	0.661523354279	0.646542925896	0.653234439105	0.603010392888	0.667032001088	0.657079042212	0.622596766941	0.66597921277	0.721614533808	0.66732338331	0.682017432252	0.657689536875	0.673171045756	0.675242613766	0.667803169244	0.64679410016	0.671327606894	0.705579161521	0.677120753673	0.696879937898	0.681686086323	0.67746793757	0.64246961159	0.660976255966	0.599408580257	0.59970158069	0.595372996598	0.69100773528	0.606126204667	0.597258416682	0.592301852524	0.644450717772	0.590960342959	0.616076849119	0.633697437964	0.609147306203	0.625565905627	0.606703943171	0.68729787439	0.560467115967	0.590982453576	0.557653336351	0.546393218991	0.567803857677	0.586908659566	0.544324040736	0.571198658598	0.602097594177	0.608313141895	0.612989915545	0.612845479669	0.560006071724	0.567382475707	0.549519913745	0.557560840914	0.569840606645	0.545160737023	0.586367880088	0.609821576093	0.590102981281	0.591589105153	0.55671655141	0.606347505856	0.593047114125	0.612052854074	0.582594892475	0.565376535847	0.676566963988	0.548212507918	0.584709082639	0.644281824844	0.650835953789	0.611551533313	0.663199126443	0.664197865024	0.625493397243	0.666542101471	0.694169093874	0.707712290452	0.65281321166	0.612004199906	0.640870896328	0.685416540411	0.668994103837	0.753195122602	0.677072340007	0.603479423715	0.634077495452	0.665737253071	0.649229131108	0.59209289659	0.667416967118	0.735340631457	0.660818300534	0.601581358496	0.691036550117	0.679715643257	0.63594887467	0.582821952672	0.677606143492	0.653776816168	0.673956583745	0.63594375857	0.638374842827	0.659313680397	0.641780678641	0.702532078021	0.673156712256	0.582992167879	0.673465047909	0.587869542268	0.58614635618	0.56157932779	0.592110893375	0.703687383274	0.604870451913	0.639280992835	0.665049426701	0.608569323764	0.605733379461	0.625571539587	0.623268608588	0.62437299807	0.57963976751	0.544640947713	0.569621646788	0.60284395499	0.597041226958	0.56810088932	0.572126200976	0.589798290906	0.567655059719
CS.259	0.614759797384	0.678726743558	0.581200404472	0.504268421284	0.483008122715	0.527588215376	0.431896161505	0.540233130062	0.580290178405	0	0.460420785028	0.537628827413	0.523678840926	0.573959280222	0.516244904786	0.642899481206	0.604182088326	0.566914081456	0.554796674271	0.690365287483	0.692677041512	0.529598350887	0.539567531996	0.650277658518	0.494303638569	0.673387781194	0.571118349047	0.602637694981	0.658757256908	0.607335059711	0.678307828306	0.753951960916	0.607795585281	0.562125351538	0.469753210673	0.584768262467	0.646007030729	0.689656095462	0.670624302113	0.534160375004	0.715249928418	0.680394144006	0.495321590566	0.652660558006	0.708260659977	0.63963334045	0.715820424235	0.640587610573	0.635472988688	0.6879333355	0.642491771328	0.688265691436	0.599423693528	0.74459764694	0.657005277021	0.665184696727	0.637075714638	0.620563707102	0.569829563382	0.649682017536	0.528213218784	0.507581007395	0.583312960463	0.698387453225	0.49023990562	0.531931785541	0.632118041307	0.569460382752	0.491805813961	0.52044803816	0.612947349831	0.549705072108	0.494740704913	0.524661539518	0.673400406941	0.489747957587	0.491088222436	0.511647957132	0.585471237002	0.473594457876	0.464000274359	0.553477956972	0.525791172478	0.516037596823	0.457869816399	0.475968278134	0.562297324679	0.48725192736	0.531933842338	0.488980225943	0.577905848068	0.527411454417	0.572840851721	0.557246303986	0.66641813033	0.554888657435	0.563109951163	0.551822380851	0.65679625249	0.559654750858	0.63304933174	0.530888694688	0.515664571901	0.675496017279	0.520745344902	0.531848168371	0.566292477595	0.742731064035	0.461411934681	0.637615585498	0.695864847802	0.639401022611	0.662759583503	0.701150384379	0.71437612286	0.682719622179	0.592012539392	0.616000022648	0.649943061192	0.697251905519	0.776455105728	0.638019457544	0.599621348378	0.529432725493	0.66094230957	0.641124647702	0.654761567805	0.662357768254	0.731845487908	0.633739844272	0.643361837387	0.679401396401	0.638569567436	0.593664903197	0.510768768465	0.652326138088	0.550554636321	0.635459983023	0.613743460007	0.617899625141	0.631220257338	0.671805190317	0.734104648151	0.645513768193	0.558344737574	0.632475907819	0.475284558907	0.519619482044	0.463650436291	0.525834676595	0.702162720764	0.460098041644	0.543402707636	0.551228364421	0.446846556424	0.491092508396	0.522203863603	0.529186995337	0.541131324771	0.469096254859	0.51703901961	0.435962724149	0.505714589185	0.471359420064	0.478005637288	0.479599498093	0.469530958135	0.489515160373
CS.357	0.604455841895	0.667841656743	0.578649067292	0.541005199184	0.450813250343	0.546396337537	0.419976283654	0.534864640983	0.56341854553	0.460420785028	0	0.534254391523	0.534248899333	0.563335429036	0.501687058394	0.650300485069	0.587098082542	0.575226612663	0.56474983916	0.713265099847	0.691503927993	0.556935111856	0.516811222709	0.592243996114	0.497064400887	0.673689737806	0.584089437899	0.571216395849	0.665275711739	0.620949782443	0.671592306435	0.73526244565	0.591302416901	0.562411440525	0.521280414668	0.586720838443	0.641273442965	0.69242509816	0.667491730369	0.478438606729	0.709467358915	0.636296781555	0.500182727453	0.634496135053	0.686802468271	0.656272202911	0.715736094873	0.677892009877	0.637632552487	0.678770142841	0.659832294968	0.706333363497	0.637522466341	0.76679167656	0.661172718842	0.714323462633	0.642269973076	0.654892624838	0.603521524985	0.656846341179	0.537170218809	0.463929007134	0.586704116885	0.685607693144	0.476175235005	0.555466713508	0.626109438997	0.588096661434	0.491426835936	0.549007806277	0.614114693127	0.527912274104	0.500794606344	0.502529173462	0.669820593572	0.487033967478	0.498962873185	0.518694696014	0.559474775174	0.48791508117	0.442083386214	0.5522072805	0.488528542207	0.510730583408	0.476424950289	0.499472251383	0.587914606346	0.481505208722	0.519984223825	0.418512301044	0.53663613758	0.482457487156	0.544404891832	0.577326538537	0.64440959835	0.530398153378	0.573935714948	0.580528172667	0.652670405809	0.55265729019	0.613052949163	0.498846463687	0.50826434403	0.659866127917	0.479922809653	0.492650711294	0.57773084776	0.729274991378	0.457912196359	0.656615999858	0.687815113077	0.650649428976	0.662952907005	0.696398606333	0.727047269509	0.691225570931	0.576411076163	0.625022809565	0.654503103066	0.688079457003	0.772139169347	0.633985445963	0.602320696805	0.520331511531	0.615171770936	0.630981763408	0.647371061146	0.643183890846	0.719361266187	0.65269741548	0.640222666374	0.669383156278	0.629609573223	0.595477121366	0.45384199136	0.658385581414	0.562131223442	0.668644012771	0.6161410873	0.611959927035	0.665798550276	0.675625273821	0.74438501472	0.661738411008	0.550062764286	0.62037959111	0.493757518959	0.500621023751	0.472727678043	0.497042607378	0.717245670461	0.435289888325	0.540521751642	0.531555742999	0.461611105479	0.467160286757	0.523618371704	0.494424783919	0.529780403708	0.455427022059	0.486569392396	0.431904390748	0.443793784458	0.466288339395	0.471064605859	0.429241941694	0.47318234456	0.461489893267
CS.086	0.59395118065	0.670424817223	0.549326830657	0.578694402629	0.512153505334	0.542472028253	0.54859823964	0.540708192593	0.539368988944	0.537628827413	0.534254391523	0	0.456542675673	0.633657415717	0.526930721243	0.629818914881	0.534133564501	0.63571978559	0.530713837766	0.6758597456	0.703960563452	0.574653636713	0.514369910548	0.636109111129	0.51425471852	0.621348171969	0.565415832432	0.56094655799	0.722799243688	0.591406625319	0.735397539445	0.76369204768	0.63865644663	0.526232234492	0.576354573881	0.612451370461	0.679198388644	0.681239134827	0.69236314118	0.569358819858	0.664294053687	0.668536737092	0.583906224696	0.666894454359	0.745879994627	0.670021003699	0.730554647815	0.656357623891	0.674023396434	0.709435207391	0.670567084692	0.665578584082	0.621399171679	0.730577168744	0.692337098908	0.702784163104	0.676099969792	0.653002263742	0.614101965222	0.6655109071	0.5763497058	0.576352619798	0.597246723272	0.727045022911	0.589451986074	0.57981080591	0.610828705601	0.671427407802	0.581209319438	0.55472811621	0.649614696595	0.578149799223	0.587143795712	0.572814475059	0.707397651839	0.52102388441	0.51226211301	0.483810209804	0.51661468649	0.524231530245	0.534902765848	0.544937253354	0.551672535733	0.509739326316	0.531074104318	0.556921676298	0.530575050158	0.50137330075	0.52694072091	0.550082722423	0.567876851718	0.573220780729	0.572085873259	0.483290250924	0.623706958118	0.564733421101	0.520446429077	0.489791946056	0.617203091783	0.572556593248	0.646213648655	0.544992234328	0.519898802274	0.711377032904	0.529431370815	0.566650562815	0.649892826226	0.678794015718	0.546986476653	0.677143865029	0.670037355757	0.630216425805	0.662379951925	0.699839150941	0.719571552886	0.681902610638	0.59014281867	0.657283617294	0.705612390896	0.686278605304	0.775913785442	0.677399204642	0.571305582355	0.575042418937	0.684538497174	0.666360710184	0.60062166618	0.676947330242	0.764665159578	0.651892330973	0.605052331695	0.705854240708	0.682462913877	0.633973373733	0.560804661621	0.678920161742	0.628057286863	0.663156341318	0.638272801601	0.642829565642	0.703989776217	0.659364944149	0.726306519486	0.691304814317	0.546538874948	0.685837643336	0.565368842618	0.58711156902	0.521606673915	0.595619608403	0.746232928835	0.602504400328	0.630447143777	0.658558078573	0.552207002545	0.584644193861	0.610269273693	0.629187248806	0.611824007189	0.523729294557	0.567767203265	0.550317297442	0.58087018534	0.622822193251	0.562682323666	0.532388376154	0.529573825749	0.601263513517
CS.093	0.601298062652	0.674311473737	0.54423326263	0.571943130138	0.503930090097	0.55094821082	0.54916723125	0.546220679832	0.567858727251	0.523678840926	0.534248899333	0.456542675673	0	0.631550208464	0.554532699879	0.640897125364	0.549442972528	0.645254371485	0.535790896135	0.693711308474	0.70684106151	0.580608735303	0.522063753792	0.651591788965	0.503877172987	0.625309032118	0.561092604658	0.54896850091	0.722384180466	0.608388416402	0.740610436104	0.775823503213	0.654534461801	0.529728813711	0.572061102222	0.6427383109	0.689218273257	0.695866983798	0.701923083898	0.580154498079	0.701612388524	0.684294348461	0.573819721176	0.704236536191	0.75042288077	0.679218050776	0.730774493255	0.654910748377	0.668551179526	0.713817832874	0.69235759388	0.672222873216	0.620961160039	0.731970680842	0.6926439805	0.698792613298	0.676214041323	0.654263379857	0.615658049486	0.67816004378	0.571511204534	0.567027753357	0.602934994128	0.73318566232	0.578661001865	0.58797808348	0.61801819377	0.672913405699	0.561963060073	0.539002425348	0.644728726513	0.588550576611	0.575156298051	0.568832862566	0.713119136084	0.507307463374	0.506323062191	0.475247264561	0.551793698279	0.525854522737	0.527428073096	0.512549289928	0.537525305873	0.494326334726	0.507038208243	0.528562334945	0.499487394282	0.483403342072	0.511995866619	0.565133954774	0.575163221736	0.578787329484	0.60943285382	0.474253455617	0.624016845823	0.563027883995	0.529742914861	0.493133332099	0.610751062034	0.557027654112	0.66097763812	0.534547845778	0.543155262385	0.70628813445	0.527898319764	0.578008763651	0.643804480814	0.686985447431	0.529537138908	0.684712780994	0.685711573015	0.627701633957	0.668103809978	0.698152197633	0.731504300141	0.677008802172	0.616439074994	0.64639993699	0.711116424396	0.696795126996	0.78818257126	0.691037304516	0.603747678442	0.558222907644	0.704346484241	0.653531494452	0.620773495954	0.690225216764	0.772562014955	0.685178954357	0.616083690469	0.700282918188	0.704975311819	0.637424931219	0.580704680176	0.687540312688	0.6259311281	0.68096369645	0.624636683078	0.642800186071	0.709393396917	0.664407564803	0.742820708354	0.690691511727	0.520746472906	0.673564362317	0.577076445436	0.567273748218	0.514347646537	0.573351415394	0.726988593482	0.576154051546	0.639851238394	0.658802575805	0.505616869353	0.572267050662	0.615300882009	0.643999233895	0.618876827628	0.510557511102	0.54848347744	0.557658623022	0.568197041493	0.594337332565	0.554998887096	0.537334532118	0.509056975812	0.605387506183
L.033.M1	0.604936215724	0.661997719792	0.66208851805	0.597874445257	0.624808440109	0.636772558038	0.574173533074	0.600605907614	0.586014909649	0.573959280222	0.563335429036	0.633657415717	0.631550208464	0	0.583300870393	0.630166070825	0.621458661934	0.597694178007	0.634631858118	0.687029903032	0.647614521952	0.613788765524	0.587951532	0.611913409248	0.607440727226	0.632860158227	0.630341699506	0.644107134271	0.688585840217	0.597974392496	0.692555840571	0.725434829208	0.588219030847	0.632688183318	0.616129696245	0.611394005727	0.636801906248	0.652510946328	0.65548503029	0.589596588117	0.677925971436	0.642255709305	0.59137361446	0.647463072828	0.669290652885	0.67479643343	0.680294667536	0.680670355602	0.623042853726	0.64961672195	0.651818876546	0.666111138645	0.65742082698	0.716108063274	0.639105889803	0.675629532597	0.673493074591	0.665632839199	0.619565449095	0.675246085569	0.586592761175	0.573882257179	0.616303158764	0.652764261308	0.581434993413	0.594277304662	0.641399144787	0.571191022559	0.574044647281	0.634877509049	0.615997399689	0.606583722358	0.646191256309	0.591150241535	0.632366877222	0.630744287606	0.63600487623	0.640086067921	0.624449381935	0.593080441014	0.59553780298	0.629944327219	0.601817899545	0.641450366857	0.642224155531	0.605394972427	0.671616312086	0.627388678409	0.639914236601	0.568732792168	0.569572183505	0.577163095707	0.583022344761	0.647215273118	0.637846692239	0.587719845614	0.632291990336	0.644229685512	0.644802060878	0.599872468018	0.571966134267	0.614378425365	0.60604171083	0.660823346163	0.563336891759	0.561922828939	0.607379041966	0.691295506795	0.607204656575	0.63516533792	0.641074968685	0.661818979383	0.662717663123	0.680747987637	0.66335719356	0.655718156523	0.579869917198	0.617384267157	0.65203553755	0.659235152275	0.717831645218	0.666309907656	0.605166703903	0.60031583782	0.652450087859	0.588933817418	0.636033502238	0.620794342109	0.733234210835	0.650311329196	0.623095301277	0.671318003434	0.669453216098	0.632723556652	0.561192951797	0.671957603793	0.604492497451	0.663423519219	0.656069551725	0.626037401357	0.612715903516	0.648123805562	0.69844000747	0.663337393206	0.623759781508	0.648232250456	0.582129795193	0.576034604486	0.585216014555	0.569545348403	0.671893051144	0.567210530288	0.631167886269	0.587409324249	0.611320738635	0.576213730253	0.59224898423	0.593321980575	0.563847231018	0.615974225445	0.556913182734	0.577281222701	0.580874022224	0.581257121996	0.58068482385	0.592235965516	0.613180999022	0.587510285908
CS.019	0.596713138193	0.652853496906	0.593799162213	0.557649054148	0.530244979555	0.553841494096	0.48424480956	0.506621681573	0.576275720941	0.516244904786	0.501687058394	0.526930721243	0.554532699879	0.583300870393	0	0.587549450842	0.550753905688	0.579726186264	0.600151201387	0.624534594632	0.657580891792	0.540748678043	0.505776406804	0.565346938859	0.521385396412	0.636654158175	0.551311849348	0.56647537969	0.672315439998	0.594406756177	0.681576136246	0.73758629409	0.568930223115	0.560698537932	0.527708415614	0.558340495228	0.622621867051	0.671629680456	0.648284775743	0.508095834608	0.655627878915	0.6311921865	0.538408620813	0.624229417227	0.694883075206	0.627664414334	0.682898422096	0.617049616236	0.628048608948	0.653075747613	0.63453710431	0.642516200606	0.627606690368	0.714343191545	0.635693635669	0.663900503698	0.625662808847	0.621254737354	0.574115143506	0.634979612204	0.530793462502	0.507055227604	0.571600556529	0.66924377231	0.537229722873	0.532454888029	0.609289241782	0.57463390191	0.529809474302	0.549094819064	0.590298827552	0.541955631047	0.549390740996	0.510460623232	0.644807848582	0.576104721769	0.559279496913	0.58443724051	0.566206515499	0.509693487698	0.501360102114	0.586976971429	0.52416866247	0.567579196665	0.56564371654	0.557452258358	0.610593498619	0.548548899835	0.581226312301	0.50939780176	0.559447018864	0.554797162494	0.554810679572	0.575465845119	0.610598092493	0.565751176174	0.554936010678	0.558069176768	0.611709229843	0.53107264243	0.595124258312	0.525681999336	0.522954754439	0.674343880596	0.508015395131	0.508953891044	0.570236563719	0.676772006514	0.539039031845	0.631189744411	0.636828634336	0.6164962912	0.653270237603	0.693175758139	0.683467064523	0.670536187381	0.515673476952	0.592258225875	0.631755875129	0.651213589952	0.738646081871	0.635396963168	0.554890016642	0.533061041115	0.616485712307	0.635216317998	0.606547228358	0.624075885426	0.727121730672	0.633202927314	0.584372968623	0.659082298322	0.633340175294	0.587708777339	0.511112159713	0.632897313542	0.526043946432	0.616667846911	0.601993637432	0.63348189029	0.651505965019	0.651328826263	0.732808055917	0.65177387175	0.558785927662	0.63208914031	0.513299369971	0.545340708308	0.538799573187	0.532485887945	0.696156450474	0.538948386397	0.565681226364	0.575007550343	0.541295583131	0.516024132792	0.544950546548	0.550633117515	0.57583481917	0.550048047669	0.550767853938	0.528183227511	0.526337861131	0.570157730529	0.53395252758	0.520318784681	0.570124114215	0.562244927263
