L.033.M1	CS.019	CS.261	CS.039	CS.296	CS.293	CS.017	CS.257	L.022.M1	L.008.M1	CS.003	CS.101	CS.105	CS.043	L.012.M1	CS.067	CS.149	CS.064	CS.365	CS.171	CS.060	CS.042	CS.366	CS.077	CS.371.1	CS.072	CS.153	CS.063	CS.066	CS.373	CS.302	CS.292	CS.374	CS.205	CS.128	CS.282	CS.136	CS.375	CS.378	CS.232	CS.126	CS.203	CS.224	CS.376	CS.125	CS.268	CS.182	CS.147	CS.369	CS.348	CS.214	CS.148	CS.254	CS.372	CS.395	CS.323	CS.385	CS.129	CS.386	CS.178	T.CS.014	T.CS.025	T.CS.004	T.CS.069	T.CS.052	T.CS.082	T.CS.003	T.CS.062	T.CS.079	T.CS.042	T.CS.050	T.CS.038	T.CS.007	T.CS.046	T.CS.071	T.CS.160	T.CS.092	T.CS.100	T.CS.106	T.CS.091	T.CS.105	T.CS.131	T.CS.118	T.CS.102	T.CS.104	T.CS.159	T.CS.111	T.CS.139	T.CS.178	T.CS.110	CS.087	CS.356	CS.242	CS.088	CS.237	CS.103	CS.015	CS.085	CS.241	CS.082	CS.006	CS.246	L.034.M1	L.024.M1	CS.238	CS.387	CS.207	CS.311	CS.151	CS.188	CS.336	CS.346	CS.274	CS.330	CS.345.0	CS.325	CS.347.0	CS.165	CS.191	CS.113	CS.080	CS.152	CS.112	CS.194	CS.285	CS.318	CS.321	CS.227	CS.343	CS.319	CS.320	CS.158	CS.339	CS.163	CS.202	CS.326	CS.145	CS.390	CS.253	CS.393	CS.255	CS.262	CS.370	CS.270	T.CS.061	TFS.022	T.CS.036	T.CS.008	T.CS.049	TFS.027	T.CS.045	TFS.020	T.CS.064	T.CS.066	T.CS.031	TFS.025	T.CS.055	T.CS.043	T.CS.026	T.CS.142	T.CS.152	T.CS.166	T.CS.157	T.CS.151	T.CS.141	T.CS.109	T.CS.095	T.CS.158
L.033.M1	0	0.583300870393	0.612825127411	0.633380890546	0.587821307711	0.614067254319	0.643988789078	0.586014909649	0.647268565593	0.668839354972	0.633589866553	0.628981169409	0.605580237147	0.636659667297	0.63767628844	0.683776960293	0.628848039876	0.638128154748	0.604878372497	0.644107134271	0.597974392496	0.611913409248	0.676682821375	0.608454482379	0.597694178007	0.607440727226	0.637083456992	0.673204462095	0.588509466821	0.625978699077	0.669290652885	0.646284360706	0.642255709305	0.692555840571	0.611394005727	0.6694046672	0.629414744247	0.588219030847	0.652510946328	0.632688183318	0.59137361446	0.589596588117	0.725434829208	0.636801906248	0.647463072828	0.666111138645	0.653453970284	0.639105889803	0.716108063274	0.65742082698	0.623042853726	0.684927872572	0.651818876546	0.67479643343	0.680670355602	0.673493074591	0.663383194736	0.636806592139	0.680294667536	0.619565449095	0.621891295432	0.606583722358	0.591246886497	0.643719442883	0.628145918561	0.591150241535	0.583090583128	0.601415528181	0.632366877222	0.60917827012	0.616303158764	0.665292066889	0.646427017957	0.615997399689	0.646191256309	0.641450366857	0.653420594038	0.639914236601	0.642224155531	0.623694682916	0.668759787741	0.620174485847	0.630392672161	0.609551926535	0.627388678409	0.671616312086	0.544545132036	0.645337072557	0.63007274236	0.618487895818	0.569572183505	0.660823346163	0.604303735233	0.571966134267	0.637846692239	0.632291990336	0.587719845614	0.644229685512	0.614378425365	0.647215273118	0.563336891759	0.60604171083	0.583022344761	0.577163095707	0.599872468018	0.607379041966	0.655718156523	0.579869917198	0.655192741542	0.632165124616	0.592748606001	0.729053336763	0.65203553755	0.64189604126	0.708942313648	0.719401098233	0.659235152275	0.645956048928	0.607204656575	0.561922828939	0.605166703903	0.60031583782	0.623095301277	0.733234210835	0.684889519182	0.666309907656	0.561192951797	0.717831645218	0.652450087859	0.669453216098	0.632723556652	0.636033502238	0.587037578913	0.619345830093	0.588933817418	0.626037401357	0.604492497451	0.671957603793	0.69844000747	0.648123805562	0.656069551725	0.612715903516	0.663423519219	0.663337393206	0.631167886269	0.613127530613	0.623759781508	0.587409324249	0.648232250456	0.576213730253	0.59224898423	0.611320738635	0.582129795193	0.585216014555	0.569545348403	0.593321980575	0.576034604486	0.567210530288	0.671893051144	0.581257121996	0.58068482385	0.580874022224	0.556913182734	0.577281222701	0.587510285908	0.615974225445	0.613180999022	0.592235965516
CS.019	0.583300870393	0	0.531942055468	0.551769336475	0.517015777509	0.53330679123	0.529978519795	0.576275720941	0.612628126894	0.651108684527	0.550857039393	0.520310470162	0.500541451318	0.579596197392	0.566964116461	0.7258242198	0.608772636362	0.57133930904	0.496371435279	0.56647537969	0.594406756177	0.565346938859	0.688963451222	0.540795230917	0.579726186264	0.521385396412	0.550200714144	0.641847786951	0.558534081626	0.590005023493	0.694883075206	0.577216785506	0.6311921865	0.681576136246	0.558340495228	0.659407357316	0.593889143253	0.568930223115	0.671629680456	0.560698537932	0.538408620813	0.508095834608	0.73758629409	0.622621867051	0.624229417227	0.642516200606	0.594311639273	0.635693635669	0.714343191545	0.627606690368	0.628048608948	0.675402041392	0.63453710431	0.627664414334	0.617049616236	0.625662808847	0.626410265064	0.594786419393	0.682898422096	0.574115143506	0.577940489816	0.541955631047	0.554955315379	0.574960659703	0.629404834902	0.510460623232	0.526802660019	0.491629305147	0.644807848582	0.515174878642	0.571600556529	0.585883442339	0.630838451596	0.590298827552	0.549390740996	0.567579196665	0.599267232361	0.581226312301	0.56564371654	0.558316072528	0.636390450845	0.525878499804	0.573137613253	0.562426021194	0.548548899835	0.610593498619	0.512129201906	0.564365644713	0.544691516042	0.574721503328	0.559447018864	0.674343880596	0.525409849156	0.595124258312	0.610598092493	0.554936010678	0.565751176174	0.558069176768	0.525681999336	0.575465845119	0.508015395131	0.522954754439	0.554810679572	0.554797162494	0.53107264243	0.570236563719	0.670536187381	0.515673476952	0.583478287374	0.606543749188	0.599170929705	0.718124735001	0.631755875129	0.620035463104	0.724508135524	0.754415501955	0.651213589952	0.645277775626	0.539039031845	0.508953891044	0.554890016642	0.533061041115	0.584372968623	0.727121730672	0.68418758291	0.635396963168	0.511112159713	0.738646081871	0.616485712307	0.633340175294	0.587708777339	0.606547228358	0.621211009051	0.583149953933	0.635216317998	0.63348189029	0.526043946432	0.632897313542	0.732808055917	0.651328826263	0.601993637432	0.651505965019	0.616667846911	0.65177387175	0.565681226364	0.540747971458	0.558785927662	0.575007550343	0.63208914031	0.516024132792	0.544950546548	0.541295583131	0.513299369971	0.538799573187	0.532485887945	0.550633117515	0.545340708308	0.538948386397	0.696156450474	0.570157730529	0.53395252758	0.526337861131	0.550767853938	0.528183227511	0.562244927263	0.550048047669	0.570124114215	0.520318784681
CS.261	0.612825127411	0.531942055468	0	0.611789073722	0.441485561616	0.448098941508	0.558786984176	0.580051740085	0.469887867868	0.672140763203	0.524317160492	0.476041860176	0.491309561126	0.591763057702	0.511713935087	0.755946156697	0.628205980432	0.571915753306	0.508595274295	0.598708131471	0.615095107133	0.643634389289	0.725530799689	0.555812618515	0.586311098068	0.467927865363	0.579466250806	0.706517853782	0.587918746711	0.593980025077	0.731915718775	0.594010887952	0.666914643421	0.681142434172	0.567020928698	0.681815818634	0.626186940475	0.62281200844	0.701281427711	0.535440492768	0.497575250761	0.524849026376	0.75095069792	0.641578027766	0.650026751358	0.665096169895	0.569290490125	0.643900155678	0.743128702745	0.565064555089	0.625290439736	0.67130549369	0.64193212862	0.623175470803	0.62938406921	0.599551028499	0.642754857581	0.58826191901	0.688117584807	0.562694379427	0.541701877717	0.522790314397	0.545562715424	0.535891513004	0.61623124162	0.519484974711	0.436501622375	0.455695061488	0.681844019712	0.459211390256	0.574550021134	0.493267311927	0.633942850233	0.617296621497	0.508630729064	0.426603584821	0.547385337577	0.523572501597	0.416199582634	0.40516835291	0.533359930592	0.435948098755	0.53265781029	0.498751294319	0.436539081264	0.477473486571	0.469605052867	0.45428585335	0.424795819778	0.447469264463	0.614294025458	0.695474227463	0.450719724763	0.654520868128	0.668350809315	0.54529703333	0.57550605518	0.526180203405	0.467918305707	0.531190047929	0.537829684745	0.484684838303	0.56682795362	0.543752577749	0.560919325882	0.583448369764	0.684998164424	0.598903984563	0.586385535566	0.644775713206	0.579490316576	0.769127088281	0.669337536288	0.631467774094	0.779659997091	0.759168650549	0.711211928613	0.700130795594	0.464075474584	0.535824649219	0.605505609708	0.489940977743	0.649687824802	0.744904334743	0.745832673254	0.652424802453	0.518640259921	0.794261194978	0.650856605647	0.648895764802	0.575593951751	0.65820840283	0.642082717249	0.663268758166	0.636621345053	0.612955946508	0.562510996776	0.650438168035	0.745963036413	0.670767440846	0.571597340837	0.657402000411	0.633697705337	0.649763299232	0.56380664533	0.446366446324	0.540943416318	0.569280197451	0.65264670944	0.489212081618	0.54525751286	0.445898776696	0.47104285723	0.474622634249	0.511280034602	0.569631745288	0.506820680179	0.523484910655	0.713482224678	0.55424064956	0.495062000328	0.482145120634	0.520367834134	0.48703014761	0.535310198058	0.445667995597	0.459838475378	0.437324063138
CS.039	0.633380890546	0.551769336475	0.611789073722	0	0.612791928005	0.615675295748	0.442619063247	0.568218493056	0.633655580693	0.640879516093	0.582920548714	0.588737396619	0.59443572781	0.576811766066	0.594534151908	0.680992736035	0.616295904233	0.598959908595	0.591485173884	0.553343776874	0.558292230488	0.614448919858	0.698610663741	0.56864831925	0.614876748479	0.594558398974	0.550577020546	0.622889652601	0.572399981599	0.616737788345	0.685251946767	0.583116799241	0.629844703051	0.682372128268	0.622162500569	0.676308127227	0.580193697938	0.624627004369	0.626306254851	0.567852318584	0.615131780952	0.603994284766	0.729092615695	0.627333912961	0.664345325942	0.645727980622	0.615402173002	0.638657428699	0.669519061732	0.646849690559	0.648537695595	0.653304043009	0.642941447647	0.64476316859	0.637743037642	0.652399435472	0.661695952784	0.574808835396	0.669129183683	0.640711301753	0.619226627582	0.616416772714	0.621574842555	0.645283958118	0.647323367962	0.607614653762	0.623314585366	0.595454365861	0.660604049639	0.604388646728	0.586275952658	0.616946656194	0.6409945103	0.607906512485	0.637594848791	0.631079012705	0.645449337871	0.604363398273	0.632684972627	0.628901771148	0.631194515007	0.639552956088	0.603895529817	0.615779296345	0.618596886031	0.623554243175	0.602676292965	0.631103222135	0.612408276882	0.594042136424	0.573118372378	0.674149947274	0.595060155023	0.623566418477	0.564788289409	0.520356090524	0.575941439962	0.550904459454	0.583624124907	0.587459539968	0.545936640922	0.614766859098	0.565793394042	0.638106994416	0.574729492828	0.598227200636	0.658159180735	0.566757634562	0.64110521829	0.683894851719	0.644592894646	0.690446463757	0.668711634567	0.633660265946	0.682717949508	0.743030026051	0.65718331654	0.638558413576	0.611059122742	0.560614736486	0.580202639425	0.601728189431	0.541305870032	0.720584001545	0.645642395615	0.634910507759	0.605310753059	0.734025752339	0.652816343861	0.640811572338	0.619642023351	0.567234620691	0.656399799504	0.584198058123	0.65601482199	0.643141614314	0.62705440583	0.646281608054	0.68242520039	0.634074922305	0.638425751948	0.631312073376	0.645905059742	0.652608863894	0.618084024113	0.634179945916	0.581321295328	0.629141944146	0.651475737951	0.599017938447	0.603606677084	0.621956318647	0.582522673955	0.629196227398	0.589025586853	0.625343315433	0.604207909807	0.634230644324	0.697268751079	0.626156113001	0.605870405054	0.63801201554	0.597710691319	0.616116400342	0.609059680671	0.602065543265	0.619399996489	0.619441932983
CS.296	0.587821307711	0.517015777509	0.441485561616	0.612791928005	0	0.453413987045	0.581202404032	0.583025857484	0.539502062063	0.664942345707	0.51732250517	0.500323156069	0.508261891554	0.615129389894	0.532258532691	0.759424359694	0.64158840461	0.587916006881	0.484434210097	0.59793987859	0.631938380869	0.6488171621	0.719111225551	0.575658659854	0.585658434283	0.486663976135	0.591811684903	0.693522965814	0.590195303938	0.603052793541	0.736378614684	0.628021018702	0.664233327853	0.673695745352	0.571669052826	0.671792501355	0.63308309065	0.60407534593	0.697974136534	0.551060992625	0.51342417439	0.490109531602	0.765736604442	0.654750475852	0.649749492039	0.68716050226	0.605471260599	0.670851462792	0.745557608691	0.606099045138	0.625953205621	0.696192870551	0.655913058927	0.649202558137	0.635115993103	0.618534591585	0.648390034951	0.60693829903	0.709236626876	0.590014667499	0.541032409908	0.518187940114	0.559410345658	0.545119173026	0.638337573506	0.505945075741	0.452182879822	0.497943998542	0.676789743883	0.433836506336	0.603915203866	0.540184098206	0.644234851259	0.60324857566	0.502927672457	0.480974619873	0.522107935742	0.52291518324	0.469999194504	0.461342672308	0.572699797917	0.437333447651	0.57210194188	0.50431597177	0.469730605828	0.553623023123	0.491770847257	0.456413006329	0.479704867813	0.505171546103	0.569237763831	0.694165211837	0.459691916018	0.622391765307	0.660838834232	0.560478331429	0.576441196669	0.542420985626	0.511253722515	0.538516492385	0.520848834931	0.47684663343	0.560700696478	0.514899931657	0.55795221932	0.594021867728	0.679901010579	0.587251839156	0.562837226481	0.63486027664	0.586429521356	0.746941458633	0.653478579603	0.649369965026	0.769499202475	0.762088592158	0.696057907843	0.691957824161	0.465067461317	0.553366462547	0.619092269764	0.490172011875	0.658603161491	0.756470381823	0.733814162604	0.654349625736	0.483159871838	0.788314719437	0.658829828524	0.640474101076	0.625586021246	0.654982459724	0.605963639777	0.643872048195	0.646584973022	0.639898739843	0.541797246809	0.668885626766	0.74383138195	0.662499677341	0.600710863075	0.680865386512	0.655965044676	0.666896359237	0.549887856155	0.440842645949	0.543634603957	0.582311183618	0.641829017862	0.496931035029	0.551957523352	0.459627697948	0.513756468495	0.48125218332	0.534044337931	0.550133922006	0.525201151606	0.477488677948	0.732690309398	0.51677789434	0.494237131917	0.453349418014	0.517359640827	0.471241125226	0.533918385724	0.441723834931	0.470102819312	0.421449840699
CS.293	0.614067254319	0.53330679123	0.448098941508	0.615675295748	0.453413987045	0	0.553701036404	0.589134428417	0.523901537657	0.691732851957	0.541555932212	0.48226458782	0.533340404465	0.623549284999	0.503435411222	0.765499716988	0.682386357487	0.624460315534	0.5115108481	0.607700528978	0.635161296503	0.654898445964	0.748945406808	0.581247701803	0.611282569095	0.494985053473	0.612696154263	0.735238415822	0.586486471807	0.641605317034	0.727808032698	0.627946491226	0.695408294733	0.721169646766	0.607452496855	0.704621458648	0.671477744636	0.64506101373	0.712689115433	0.561170218122	0.5382606355	0.536220793655	0.774371641856	0.694797301816	0.681994156767	0.718009291363	0.625841423718	0.688781028526	0.773653437685	0.645094389327	0.65950388959	0.716553519456	0.679487215908	0.669756511644	0.676662297419	0.668791677287	0.695199702888	0.613538956846	0.714322769915	0.601030902145	0.568288026932	0.573838613155	0.57922340812	0.565205634445	0.677201611514	0.536296623337	0.441302521422	0.506258439584	0.701993045307	0.464221435152	0.607535153158	0.551499452952	0.655709115544	0.646799708741	0.526541751853	0.499664620917	0.543896001144	0.516735555817	0.41416843965	0.411057622755	0.594100949587	0.470635719757	0.573167599919	0.483336345232	0.458837986001	0.52872493321	0.445412567978	0.411705110405	0.500919604853	0.49476642773	0.588893865377	0.696940396582	0.48552798716	0.641063429269	0.687009858282	0.567237725224	0.536482557155	0.563622011286	0.466193310336	0.570127835084	0.525329367548	0.522016975001	0.588344226986	0.488195425846	0.56095739727	0.618695337657	0.714713192133	0.6140377341	0.620653873854	0.656804670511	0.622903166198	0.786021645266	0.691998950527	0.659589333104	0.80655081942	0.777941112964	0.726374004767	0.707428668003	0.47608840655	0.539670811942	0.639004085708	0.552954748308	0.680373245017	0.763019583743	0.767773806732	0.686395614715	0.528662795734	0.802917629954	0.674675160202	0.682908745837	0.614117352843	0.684272220861	0.661336971122	0.686493231134	0.65794602502	0.647667700023	0.593834019239	0.685388218859	0.761344609712	0.702300227615	0.644095674209	0.683205465107	0.67614614559	0.678635297557	0.583528621142	0.455203062448	0.545003037855	0.593553292295	0.653839013123	0.514291197089	0.544954784694	0.443384652829	0.511791740471	0.470982575536	0.525371900455	0.572500652674	0.515355401241	0.494816615392	0.725929768672	0.481176609709	0.488875936542	0.486749807545	0.510646188628	0.439225279013	0.480464737086	0.447455437376	0.423653917491	0.480008803387
CS.017	0.643988789078	0.529978519795	0.558786984176	0.442619063247	0.581202404032	0.553701036404	0	0.586321968735	0.620632819903	0.662833772577	0.571593227477	0.526162816245	0.564743373113	0.614177689131	0.565802189073	0.736637012365	0.646343515117	0.585991121312	0.564872357266	0.573477928677	0.630059580698	0.635267249636	0.720480257764	0.560711190023	0.622072032087	0.581550575019	0.589610218181	0.672533630778	0.539872448776	0.633630616235	0.722477341979	0.616265031303	0.664223398401	0.706554622154	0.621781504558	0.698515197329	0.626154189295	0.629816947481	0.679278419909	0.601261327705	0.616688159801	0.556617545876	0.747324431172	0.678211234635	0.697719758912	0.688385507463	0.646849261636	0.684138392878	0.730640882304	0.644520790178	0.666766157525	0.695893617351	0.681957413265	0.663404901101	0.666953199544	0.669255165928	0.683758924307	0.618640819644	0.711584821749	0.657107098251	0.636680065514	0.622564518377	0.639940948649	0.628067207509	0.691140312724	0.583210464378	0.567961449477	0.55808403189	0.688563923777	0.570117479587	0.600216779043	0.608784010974	0.681289137407	0.647542695219	0.609178450932	0.595449692005	0.634974866921	0.586622196485	0.585065377454	0.575439732308	0.644213290798	0.599065390273	0.613598816377	0.566647259221	0.576835299453	0.611211616788	0.576483384348	0.592288749253	0.56585865925	0.579751338352	0.586749348162	0.692809305267	0.585040179589	0.622786952726	0.635249239923	0.563194579104	0.519716555685	0.564123531781	0.527692841086	0.598148545343	0.549883311659	0.604361680555	0.554696606714	0.607980277866	0.566945118105	0.630527951259	0.691877260437	0.579895247806	0.634989612571	0.693131299841	0.663292933897	0.737552622355	0.701757052572	0.663563404456	0.746023015305	0.761126783924	0.684751849787	0.674319036849	0.575182357211	0.523079274711	0.607744974441	0.58874103118	0.60934894568	0.740201270532	0.720722839622	0.662216743628	0.563644237861	0.766260678054	0.671459651272	0.66188808918	0.627000515986	0.615457128658	0.673391630047	0.646967951573	0.675926317296	0.668096661141	0.62154530346	0.678471048035	0.741795861636	0.649032395829	0.641863662453	0.648155543064	0.649764726646	0.676835048396	0.62864266103	0.602182699356	0.585365020391	0.623557435708	0.663277449773	0.578562893219	0.578542765812	0.594504770108	0.569949757736	0.570281200017	0.571661614606	0.629441812964	0.565728936659	0.600419660955	0.726174287275	0.597032296264	0.599583664275	0.610119176748	0.576595259544	0.57432779352	0.570805381951	0.570271771389	0.56649420418	0.593350573708
CS.257	0.586014909649	0.576275720941	0.580051740085	0.568218493056	0.583025857484	0.589134428417	0.586321968735	0	0.582425893733	0.647476108654	0.572767369457	0.601477713111	0.598153400299	0.615166507985	0.60915748813	0.699455891726	0.64379840567	0.608284368104	0.580416094457	0.558341042073	0.588273370558	0.629569676933	0.712183589625	0.617979886608	0.628419608277	0.591151845847	0.57124372198	0.66616105292	0.56142034804	0.622693262785	0.721614533808	0.635133373254	0.657079042212	0.706015462615	0.618077797979	0.707886251963	0.609989367879	0.629748446717	0.646542925896	0.597625536921	0.622596766941	0.603010392888	0.724118154691	0.661523354279	0.66597921277	0.64679410016	0.646066424678	0.677120753673	0.705579161521	0.671327606894	0.673171045756	0.663106942051	0.667803169244	0.66732338331	0.657689536875	0.681686086323	0.675779308509	0.579842546963	0.682017432252	0.64246961159	0.624276922967	0.609147306203	0.647461419416	0.659932144034	0.678538105313	0.606703943171	0.599861476301	0.564411149203	0.68729787439	0.583473750878	0.595372996598	0.609705303003	0.670604159624	0.633697437964	0.625565905627	0.602097594177	0.610188826645	0.567382475707	0.608313141895	0.588503809185	0.598656047788	0.58716506149	0.624958836066	0.577232184318	0.560006071724	0.612845479669	0.566660563467	0.596210379806	0.578946649532	0.557629924209	0.557560840914	0.676566963988	0.564726952726	0.612052854074	0.609821576093	0.591589105153	0.590102981281	0.55671655141	0.582594892475	0.586367880088	0.548212507918	0.565376535847	0.545160737023	0.569840606645	0.593047114125	0.644281824844	0.65281321166	0.612004199906	0.647631787969	0.697566239163	0.641896699977	0.711318870222	0.685416540411	0.637185930516	0.710872386184	0.742968991298	0.668994103837	0.67310070446	0.611551533313	0.584709082639	0.603479423715	0.634077495452	0.601581358496	0.735340631457	0.70964263899	0.677072340007	0.582821952672	0.753195122602	0.665737253071	0.679715643257	0.63594887467	0.59209289659	0.65881742703	0.612099132449	0.649229131108	0.638374842827	0.653776816168	0.677606143492	0.702532078021	0.641780678641	0.63594375857	0.659313680397	0.673956583745	0.673156712256	0.639280992835	0.608443853105	0.582992167879	0.665049426701	0.673465047909	0.605733379461	0.625571539587	0.608569323764	0.587869542268	0.56157932779	0.592110893375	0.623268608588	0.58614635618	0.604870451913	0.703687383274	0.597041226958	0.56810088932	0.60284395499	0.544640947713	0.569621646788	0.567655059719	0.57963976751	0.589798290906	0.572126200976
L.022.M1	0.647268565593	0.612628126894	0.469887867868	0.633655580693	0.539502062063	0.523901537657	0.620632819903	0.582425893733	0	0.680453685214	0.525630702391	0.539840106051	0.578599836408	0.627679252423	0.513800322848	0.766977349485	0.673680834945	0.600379333192	0.592738596462	0.612049517136	0.641582127878	0.684259584569	0.752190128063	0.621823745869	0.66714679402	0.534056927819	0.608700487295	0.712472753005	0.613991608014	0.641441047765	0.760291198629	0.618668667759	0.688577000155	0.748240360492	0.636640207773	0.7154756578	0.648641747406	0.688172906775	0.713735304579	0.554591784444	0.587939422871	0.604826102011	0.78102147042	0.700829529742	0.690580701214	0.690232546568	0.63024437966	0.696976847786	0.764207737108	0.614746956294	0.68807195703	0.703396571824	0.690353049928	0.676445651943	0.669852657864	0.669787203695	0.678645479325	0.619543992139	0.723148177573	0.626547133371	0.590706405711	0.593796644803	0.637021914261	0.624254025397	0.663662914691	0.60239709576	0.549322693251	0.555159940528	0.721021781298	0.526299645861	0.627120711652	0.519623301276	0.688971017729	0.661792532953	0.590995493212	0.468498657787	0.519413519614	0.518523058667	0.472517415988	0.491894281029	0.492918884798	0.52474108264	0.609584040566	0.540626682701	0.467753028495	0.439612019902	0.579302532787	0.487110400821	0.496807583652	0.476651237528	0.652901685036	0.743302551413	0.531223978351	0.70441150144	0.674570898263	0.560202633145	0.615352006269	0.545921341627	0.555422248917	0.529803978523	0.58024234599	0.543332090276	0.621663090153	0.576603520763	0.607724612957	0.660000621837	0.694153850748	0.669456069792	0.629618785265	0.719060838354	0.641067147071	0.782604926874	0.730541974562	0.674892235412	0.785575789652	0.778867860706	0.720805981712	0.746909710111	0.542739803427	0.62496939429	0.635383884201	0.567031284858	0.668725127664	0.787955389927	0.752058767053	0.702097462813	0.604784791153	0.809876289334	0.698874980462	0.707659556967	0.630441176336	0.672376220059	0.695683468109	0.670886936581	0.685454346967	0.626651667938	0.628628794954	0.687254258769	0.759619425135	0.707541771943	0.621926287958	0.702838630589	0.68751633618	0.687938807284	0.656316372895	0.520159734598	0.539305326347	0.67118688274	0.687638673699	0.605409598308	0.632050098898	0.510454899783	0.578522780656	0.525080711999	0.603459124291	0.65563529375	0.60146759115	0.610951910913	0.746609601283	0.63838943088	0.566037869075	0.582928573301	0.578961994658	0.569730373504	0.621401219994	0.483264886045	0.497500826336	0.53967794552
L.008.M1	0.668839354972	0.651108684527	0.672140763203	0.640879516093	0.664942345707	0.691732851957	0.662833772577	0.647476108654	0.680453685214	0	0.68798117203	0.690047883937	0.649570116494	0.601431466217	0.626198341892	0.641007001848	0.580786063668	0.678919696093	0.625991098687	0.644281865906	0.625026736461	0.628940799148	0.57323716166	0.628257902168	0.604330688249	0.655193318617	0.657775283832	0.653829533965	0.664389259236	0.559577212024	0.642064406068	0.644542283772	0.602446646202	0.570435984341	0.622719339351	0.569179921925	0.604283617383	0.60350184504	0.652918958652	0.645000802593	0.616701998963	0.650113486891	0.620704510759	0.569605284867	0.551915954246	0.639320428904	0.575817550027	0.554508453971	0.666565747061	0.607634834239	0.64014779235	0.599907759035	0.605361189111	0.586014842902	0.649827562998	0.593163239928	0.611240634702	0.604424211844	0.616783456589	0.665741369557	0.650477528275	0.605648519747	0.577204253582	0.608509404768	0.618923528346	0.643762589559	0.651725880887	0.639922418103	0.557688504677	0.65124727159	0.628104595911	0.678971470338	0.574314892649	0.575810791802	0.61960056875	0.673805542161	0.690152193533	0.676507562617	0.692695169227	0.680877060989	0.708202528983	0.655471453037	0.558585537163	0.692433493823	0.687512711712	0.704938107354	0.657671320286	0.65376943426	0.662802157979	0.645410220444	0.624256157849	0.635371674069	0.639483916587	0.675500667346	0.59401932232	0.653935625409	0.681121030704	0.628212181565	0.683103985407	0.674547653145	0.620914754852	0.633592434403	0.622532170925	0.659590838507	0.610344824463	0.557482743838	0.597047652578	0.636530787847	0.620324396441	0.635993083165	0.622771025063	0.593524030993	0.552470548115	0.559898138806	0.648777725469	0.629268897846	0.576876040327	0.634355160985	0.680380877326	0.651940920127	0.606420742749	0.63963945218	0.620425494282	0.586087776646	0.627748272678	0.52328665386	0.643374148192	0.674702477709	0.550296829783	0.54170612209	0.569047220053	0.584721170166	0.595782665259	0.626577765451	0.666132628528	0.563734161097	0.613032148233	0.57015702913	0.674463824301	0.666128488592	0.568641820512	0.575918761215	0.59602506446	0.609594129297	0.590886240773	0.686739072696	0.672947650971	0.613012490204	0.515975162519	0.63820255084	0.643629106129	0.662735849057	0.627072731845	0.669964635643	0.634821376362	0.562940532627	0.638151975099	0.649078695133	0.641437588633	0.617338112529	0.653931913622	0.654006511818	0.637566773588	0.636603259274	0.656500318663	0.671303557009	0.68509711587	0.654103500472
CS.003	0.633589866553	0.550857039393	0.524317160492	0.582920548714	0.51732250517	0.541555932212	0.571593227477	0.572767369457	0.525630702391	0.68798117203	0	0.530001634972	0.516876430777	0.593472291889	0.576758968873	0.728170789046	0.638916480841	0.55732470104	0.567551681115	0.5481313398	0.622018841285	0.648742110122	0.739493159002	0.57107837312	0.656056521258	0.50002946083	0.541613932692	0.647009756887	0.569602124632	0.617567269465	0.73057940855	0.610552632096	0.672526981856	0.729588334138	0.63081414018	0.705566331492	0.604585725591	0.650135534011	0.695550293509	0.518075282784	0.583071653433	0.59045157219	0.767998083607	0.691124247433	0.687922129063	0.672934291108	0.622520471759	0.681415738195	0.723269167946	0.608700132654	0.66601798824	0.704831862764	0.69265149239	0.669888255881	0.648911276274	0.662203629369	0.657984699186	0.599722557275	0.709246843381	0.622641754617	0.586444886618	0.583894924438	0.635516991439	0.61607506074	0.656770574837	0.55958873409	0.566609576245	0.560419338496	0.705134782247	0.532310702463	0.612573005435	0.492057217196	0.689583557567	0.651577477493	0.575023319961	0.545944865698	0.548549147224	0.560686848679	0.5521227068	0.544305375214	0.525371390941	0.544214922815	0.602286271125	0.584860123232	0.511108717563	0.54108910448	0.586460265265	0.53782215397	0.512928776916	0.546160750533	0.591366295789	0.721208949739	0.530988808668	0.664044576234	0.603032814413	0.53167407361	0.591647264894	0.508660474534	0.534016786797	0.517674062073	0.530591105965	0.536261622241	0.582326830006	0.604728978697	0.544891563927	0.652417043806	0.671211576649	0.614957296977	0.591047144376	0.705496026091	0.64182112855	0.736306600962	0.700570857055	0.663289464979	0.755351266009	0.775175349338	0.684192237843	0.724667348819	0.555962687023	0.585233690704	0.60018079262	0.557190343869	0.620959131028	0.767514840817	0.718095959881	0.688103314178	0.579706041135	0.783070761044	0.700451603644	0.688611928441	0.652045153956	0.606127604811	0.681550518235	0.607218906215	0.65894625738	0.646259720729	0.622385258617	0.672565321357	0.721323172657	0.673673828825	0.620550347548	0.697519404703	0.678119312007	0.705151517001	0.63176486217	0.54302356083	0.531107728069	0.664716573578	0.684654757037	0.601841453407	0.615138177302	0.5434635709	0.575285453571	0.538635645221	0.591253023688	0.65529277869	0.587650488919	0.603571377819	0.73710056888	0.633238088336	0.54040903939	0.557386024163	0.570830607645	0.586354298571	0.624806242254	0.544307025975	0.545213754865	0.547640175215
CS.101	0.628981169409	0.520310470162	0.476041860176	0.588737396619	0.500323156069	0.48226458782	0.526162816245	0.601477713111	0.539840106051	0.690047883937	0.530001634972	0	0.514693338923	0.609131004942	0.546008250681	0.755261507784	0.678096681417	0.595435834726	0.556621574558	0.578528541275	0.621476031617	0.636051361392	0.765052356564	0.575750859861	0.633784199479	0.521850469256	0.576984331547	0.706988816884	0.555021456384	0.651660386883	0.762619452482	0.609327893625	0.691646010133	0.729099038913	0.626433665755	0.73336312711	0.638520945649	0.652486169432	0.718858641745	0.543968919264	0.573459996245	0.554241327428	0.785651514839	0.697425432545	0.714385370652	0.70976606474	0.64738175218	0.696471874484	0.765897504552	0.636670472026	0.677523127744	0.727333291239	0.694591050041	0.675221876152	0.660887044736	0.658331319988	0.686313771305	0.615304426852	0.727828324483	0.617541395681	0.581873999211	0.579999977944	0.639547677981	0.611483333093	0.688908484875	0.55829839478	0.496455249935	0.52474879919	0.721443285258	0.531478479161	0.624291794123	0.563567531002	0.699695852977	0.66397035041	0.580374250629	0.526070337605	0.608626722289	0.573677002111	0.513983792556	0.502099173465	0.572375267883	0.546589708802	0.630030627651	0.522548384598	0.511965716787	0.552749908824	0.543555398085	0.51803065745	0.522510861245	0.535821725191	0.610534496744	0.70410288664	0.538138756932	0.6281797007	0.682788076794	0.459140300821	0.537296797237	0.553630111569	0.458854116669	0.55965210266	0.528977705579	0.556327557825	0.607081981328	0.543868277663	0.546692162446	0.655782242189	0.714880205359	0.599442175301	0.604284653386	0.698275485716	0.646412902946	0.766650063743	0.714488799603	0.68286726705	0.787500311632	0.784202620068	0.708392720066	0.707733136742	0.509420601846	0.527037328314	0.611367904935	0.555537260146	0.650019142581	0.791198248232	0.755430065029	0.701349152328	0.542899674895	0.809901390006	0.704863349963	0.703436559779	0.644522495428	0.64912600768	0.668225792545	0.673432855978	0.659059168303	0.677394514618	0.606790952334	0.688034331605	0.754830765828	0.68637346069	0.633709922516	0.697668412701	0.684245976754	0.698598420203	0.636421476893	0.525979293123	0.57148449537	0.645755028975	0.69601401026	0.565219140433	0.594053208213	0.520937666453	0.553124084512	0.526573181135	0.555128199744	0.625030471804	0.558343268478	0.575798552574	0.74361117429	0.590793413964	0.556836508526	0.55709282727	0.569511529441	0.559198925113	0.568426080275	0.52129418416	0.509942576893	0.531276232424
CS.105	0.605580237147	0.500541451318	0.491309561126	0.59443572781	0.508261891554	0.533340404465	0.564743373113	0.598153400299	0.578599836408	0.649570116494	0.516876430777	0.514693338923	0	0.558759654256	0.564092548566	0.724137307621	0.610249755564	0.533882256535	0.524454792494	0.570012057508	0.602370479271	0.578331855141	0.704395070815	0.524034615599	0.574038834431	0.465647050075	0.535379735617	0.652880767022	0.569809990092	0.570201234563	0.697522992174	0.596703614987	0.658925628615	0.691451383575	0.570732601164	0.665825426797	0.575927281996	0.592921740662	0.685306476767	0.50900916494	0.490116273839	0.502218768351	0.743887713028	0.624025718539	0.636985678069	0.651441931233	0.559336519399	0.635293174066	0.719397390628	0.571678411473	0.617321092077	0.676496471105	0.630670605182	0.617045353459	0.626672445265	0.595808181784	0.613102536457	0.61371469936	0.704923492992	0.586582147524	0.563483521944	0.520585359246	0.527639762052	0.537574109011	0.601085425423	0.499420729879	0.501261816039	0.479814774401	0.655026621147	0.493419249066	0.567652028875	0.538590576889	0.620176347688	0.593900787605	0.502345682892	0.52893173417	0.569995943659	0.569661724971	0.547676858853	0.515327390245	0.592761219833	0.515068271137	0.541422957992	0.558501781121	0.5233681892	0.574448919731	0.525677385703	0.538945732325	0.524058974651	0.542031692396	0.588447723777	0.671659401298	0.485305202248	0.639049811819	0.636169605997	0.573535730677	0.602241015052	0.521244560059	0.514188473219	0.531759726275	0.525610277988	0.510859757177	0.576653810095	0.58336312233	0.546996050393	0.562950176266	0.675947052139	0.583649708692	0.565073285551	0.626347738902	0.554226634873	0.718970430339	0.648305124476	0.63079220255	0.741923841149	0.744214256754	0.661068959695	0.645036009709	0.493768008506	0.525323829447	0.492381881941	0.484009601765	0.624431715348	0.729525549794	0.70305381986	0.628471720539	0.517106244618	0.770987335059	0.642603261872	0.627692881571	0.579903070213	0.625600572575	0.610070344752	0.619953405293	0.634305858426	0.602860337722	0.550924740866	0.638884610596	0.7291730326	0.653473096151	0.597702067078	0.65416465774	0.609135489762	0.630858727556	0.54141000321	0.489559145706	0.55231373003	0.556448308545	0.628999962872	0.523570040727	0.523688568715	0.495197674914	0.503337592185	0.521044908075	0.518366789954	0.515341306909	0.551335593914	0.531002669371	0.693399416437	0.585881454423	0.499027248907	0.511390589083	0.556822019886	0.533193281311	0.591905270276	0.525296035115	0.549570959278	0.49011994429
CS.043	0.636659667297	0.579596197392	0.591763057702	0.576811766066	0.615129389894	0.623549284999	0.614177689131	0.615166507985	0.627679252423	0.601431466217	0.593472291889	0.609131004942	0.558759654256	0	0.618239235991	0.647245438854	0.572355840728	0.574838407555	0.573341747688	0.571820183221	0.590998715603	0.582352391022	0.654094619178	0.583031507963	0.621238149553	0.555901496779	0.561962425766	0.609651357014	0.612637452101	0.549482444634	0.661008719449	0.552590362402	0.603671577464	0.649485133895	0.580309996593	0.625010414174	0.562038652241	0.587734119702	0.626122699477	0.537413975052	0.553991775959	0.611064425005	0.694162157051	0.583858847292	0.604635058214	0.626815783534	0.563538026936	0.595570659062	0.658978590085	0.585425689758	0.62476684859	0.653008086257	0.598770869798	0.592993216834	0.612603303249	0.591796760315	0.607713379728	0.602135172901	0.650597784411	0.594623401902	0.5720542809	0.576197362523	0.577230508007	0.585431555334	0.595309225451	0.610584723079	0.595497094516	0.584893471136	0.629969221529	0.606823033636	0.594632836576	0.611907650095	0.626815039104	0.595787953081	0.598133738627	0.635173661049	0.644504566978	0.626171456034	0.643823254272	0.636461613122	0.645695464208	0.615038707829	0.579057629539	0.639644928823	0.616859898791	0.640126069737	0.60540443325	0.631848978676	0.602013482199	0.592086913977	0.588181704496	0.650736051783	0.575153632072	0.657552193074	0.57269112897	0.570706705656	0.639762375211	0.540865711716	0.583010870301	0.571463990298	0.569168860646	0.597258282812	0.609356429925	0.646459529642	0.536649405684	0.559223770417	0.647069611643	0.581177460484	0.580465606055	0.65061127329	0.586060180389	0.665953909231	0.623879792908	0.59769282638	0.673581636619	0.705079474977	0.603168007813	0.621042360032	0.583798720349	0.596587690922	0.556067348453	0.57754829322	0.551782763877	0.692429932445	0.638458277806	0.590798931761	0.594701358637	0.704694747844	0.606149692087	0.611118727464	0.568030536542	0.555322425442	0.625200933239	0.613051422215	0.620847538098	0.597035273823	0.611842338457	0.601966878273	0.663216338285	0.637528772504	0.592823870579	0.622845785126	0.607504513893	0.614362678631	0.595770410951	0.61609238441	0.600913958647	0.589734450392	0.628069358924	0.596087468686	0.597915197669	0.601113706012	0.58384085919	0.615884723359	0.580287403252	0.602013083405	0.619318423443	0.607461266268	0.674215400342	0.647607188724	0.584288706793	0.585065070102	0.612564393844	0.634238589604	0.647417765842	0.618768856705	0.636071988256	0.601180818808
L.012.M1	0.63767628844	0.566964116461	0.511713935087	0.594534151908	0.532258532691	0.503435411222	0.565802189073	0.60915748813	0.513800322848	0.626198341892	0.576758968873	0.546008250681	0.564092548566	0.618239235991	0	0.744170651088	0.662043578434	0.598672316641	0.560308317478	0.606827090493	0.643592491782	0.653742219621	0.725659107817	0.589180192599	0.621400929198	0.552929707782	0.61921447597	0.705539479711	0.595659662848	0.616868938208	0.730883906043	0.629999375361	0.68712316321	0.715071532924	0.630736770805	0.680431249574	0.647370139801	0.647230063727	0.708666244291	0.604515817185	0.567923830373	0.552428890958	0.756203149985	0.657953432205	0.672771753537	0.706124296621	0.628050768899	0.677666807978	0.758414203614	0.61295453849	0.689990406363	0.713551846023	0.675894668075	0.675414447663	0.673333550888	0.670855328766	0.685594781499	0.638974595769	0.724605902946	0.606615248205	0.586743970911	0.558372931347	0.569131299035	0.557435734655	0.626793359422	0.579405122503	0.506858082267	0.553429452615	0.688613314503	0.533641800321	0.619964094489	0.568856019707	0.637392151458	0.632550826484	0.545678338364	0.541930118272	0.588105281783	0.553278350504	0.509279374306	0.516950704242	0.601249009517	0.551897556731	0.57791922977	0.557330437756	0.533887239422	0.540552641657	0.570980635736	0.494967764826	0.538867563993	0.503405252607	0.626447567036	0.702075729715	0.535210368912	0.662423900481	0.662529500504	0.584654805876	0.591318282757	0.566733335716	0.531999760615	0.584452547823	0.562688258187	0.578213017108	0.5711603283	0.576925594436	0.600803146745	0.614272979378	0.701214264402	0.62652173781	0.619486105159	0.666577723088	0.625578687227	0.753928814788	0.681630209562	0.665844873059	0.772388736566	0.753549341672	0.700843573253	0.678991646377	0.525576206867	0.587665950088	0.624252231056	0.575868874654	0.665155020735	0.75347123477	0.733409833133	0.650600907201	0.568662640382	0.786153906739	0.675451711835	0.655754542656	0.603796692243	0.658112663565	0.667627203055	0.671296307335	0.676250718527	0.645003423525	0.607534140738	0.675817036163	0.754244178332	0.692391600978	0.629699354037	0.673656058681	0.66963516151	0.692684273835	0.581799400258	0.530086299451	0.577344652553	0.587063332828	0.628720874688	0.522296923685	0.569333674914	0.506931719812	0.546158062523	0.547828598156	0.567434852243	0.575377789008	0.551538130633	0.562389534488	0.70596108325	0.5581884894	0.554724537571	0.580914757916	0.546844535029	0.552224429848	0.548892525272	0.515976392039	0.508880045579	0.553558593829
