CS.199	CS.084	CS.244	CS.265	CS.243	CS.293	CS.007	CS.264	CS.094	CS.104	CS.261	L.007.M1	CS.174	L.004.M1	CS.313	CS.269	CS.066	CS.367	CS.115	CS.171	CS.186	CS.327	CS.064	CS.287	CS.161	CS.072	CS.229	CS.334	CS.388	CS.305	CS.374	CS.232	CS.380	CS.213	CS.236	CS.375	CS.136	CS.128	CS.376	CS.125	CS.378	CS.205	CS.292	CS.224	CS.302	CS.389	CS.183	CS.166	CS.385	CS.372	CS.256	CS.395	CS.254	CS.177	CS.349	CS.178	CS.148	CS.181	CS.182	CS.323	T.CS.020	T.CS.048	T.CS.042	T.CS.069	TFS.024	T.CS.058	T.CS.085	T.CS.076	T.CS.038	T.CS.025	T.CS.062	T.CS.050	T.CS.080	T.CS.046	T.CS.028	T.CS.105	T.CS.132	T.CS.144	T.CS.116	T.CS.177	T.CS.125	T.CS.104	T.CS.107	T.CS.160	T.CS.091	T.CS.117	T.CS.134	T.CS.119	T.CS.108	T.CS.139	CS.087	CS.006	CS.237	CS.088	CS.241	CS.082	CS.015	CS.085	CS.110	CS.238	CS.103	CS.246	L.034.M1	CS.356	L.024.M1	CS.358	CS.164	CS.363	CS.330	CS.347.0	CS.188	CS.364	CS.113	CS.165	CS.078	CS.151	CS.207	CS.304	CS.150	CS.338	CS.202	CS.152	CS.321	CS.158	CS.223	CS.285	CS.318	CS.319	CS.163	CS.112	CS.331	CS.339	CS.322	CS.227	CS.361	CS.393	CS.255	CS.270	CS.390	CS.145	CS.326	CS.262	CS.370	CS.253	T.CS.064	T.CS.008	T.CS.043	T.CS.055	T.CS.049	T.CS.031	TFS.020	TFS.021	TFS.022	TFS.025	T.CS.036	TFS.027	T.CS.045	T.CS.026	T.CS.066	T.CS.109	T.CS.166	T.CS.141	T.CS.142	T.CS.152	T.CS.095	T.CS.151	T.CS.158	T.CS.157
CS.199	0	0.602095386027	0.644174712416	0.657844743967	0.585245905405	0.648244465784	0.618714162787	0.619083044803	0.620396210349	0.533914441486	0.615449263592	0.632803888633	0.633399744176	0.616840166718	0.591181136292	0.706358998697	0.573229312109	0.691441056584	0.629362702551	0.553129857044	0.626508278035	0.581629972425	0.561442488836	0.631152029576	0.606757958202	0.602675054218	0.573391991455	0.648825703619	0.681187407288	0.614117167622	0.6350638884	0.584580695728	0.625631375424	0.658283293695	0.62449768669	0.58593048548	0.548026383757	0.612157095118	0.603099621673	0.639988632638	0.654730102182	0.68486160329	0.603720052991	0.706760278706	0.684579308071	0.623370102999	0.689327854586	0.671174548661	0.647924099401	0.63952679003	0.658803240876	0.662623958042	0.637623173818	0.654857803094	0.634626242054	0.635939714192	0.65526818774	0.643746228279	0.631566675001	0.647795501586	0.64541575171	0.591983860956	0.631614353627	0.627665296118	0.551724083887	0.625372085267	0.598118511057	0.634174269517	0.643159134483	0.573420831031	0.605184567637	0.628500446886	0.629659291621	0.603335743649	0.630788398785	0.65651408194	0.659528313597	0.642074692817	0.580428580333	0.640357031722	0.594860071084	0.615377974392	0.637359769948	0.660238900884	0.653813505899	0.629893329521	0.628799369935	0.642986758558	0.657710473219	0.642673333203	0.555581932616	0.559125133144	0.568006168836	0.617314140507	0.603034969506	0.601155403553	0.600518049702	0.570239699128	0.59652177216	0.56645435742	0.578891969414	0.618680638419	0.593181509471	0.678678116747	0.625312986016	0.72041234171	0.633019585202	0.613555731244	0.641124854338	0.60035435341	0.654619940948	0.661721902838	0.565034016057	0.609270063359	0.566873796735	0.627077154785	0.654970397671	0.643942067149	0.602023664887	0.617895272234	0.637723208704	0.604231087115	0.592194470918	0.564071554862	0.631294094021	0.65250471532	0.613443346008	0.630833952255	0.555415561354	0.585920331157	0.605425314656	0.6116597618	0.640938288166	0.702891530032	0.626895729219	0.623909084197	0.610805932314	0.656978881294	0.630533770862	0.620759032687	0.628495948372	0.648630437278	0.643712456416	0.705111667653	0.596110377598	0.615133753466	0.606867230954	0.6107843474	0.646783584151	0.598715768971	0.607582137595	0.582017489309	0.630189830842	0.590359767158	0.614461920654	0.595168972353	0.606257587353	0.696174146769	0.612901198154	0.628282992401	0.611973555548	0.629229957714	0.630355366311	0.603835988073	0.63006497408	0.637752128141	0.611706045047	0.605347169712
CS.084	0.602095386027	0	0.602531813381	0.54664995503	0.610810009516	0.585085784702	0.584589115042	0.580305223858	0.713074316573	0.565613824216	0.565071393008	0.600165463007	0.582096036858	0.581586274551	0.546049058943	0.747713386004	0.582299591016	0.732633031378	0.610684639184	0.534773278675	0.560791245262	0.634150745311	0.55013870904	0.631747123086	0.634756824735	0.517139635591	0.64835289112	0.70202573491	0.727125033744	0.559807982389	0.659568335551	0.506160480301	0.572055118949	0.67952526059	0.647880881614	0.647502538598	0.567376407168	0.637486230106	0.669425020405	0.683980655451	0.672961459278	0.724500135555	0.569490160431	0.763697357741	0.731043991296	0.649772206105	0.719482745668	0.669633656982	0.631723906979	0.652795367795	0.669136255634	0.606698800781	0.649605736007	0.698878347195	0.625991060469	0.621420840868	0.686966340717	0.633573691732	0.615046469123	0.634459123043	0.555075504414	0.611494672366	0.562924767193	0.609090911312	0.61727307267	0.587482996104	0.609974036152	0.598763595907	0.545732887031	0.59733863519	0.556260403516	0.60780503358	0.651428321548	0.644833831991	0.617626604116	0.537235488129	0.574855615871	0.615520304354	0.574544451098	0.557039476574	0.62171891541	0.566128143341	0.583638039545	0.562166567181	0.589481166123	0.597192230627	0.607609051858	0.52536710373	0.568214339489	0.577475497715	0.617506501665	0.555213030262	0.587137778649	0.686400214127	0.566346601495	0.486500095304	0.625111355851	0.444795197456	0.594200319573	0.568822182243	0.54376959644	0.577317706889	0.598294703109	0.699212608761	0.635089004629	0.752445283814	0.654905628263	0.666293741235	0.658905914363	0.670411087539	0.720043494677	0.720013008021	0.604524590106	0.70778760265	0.643713235255	0.611020196463	0.680095763524	0.702586561064	0.555730559213	0.60494357505	0.66903960477	0.56190335014	0.609410411058	0.579848512644	0.658470370209	0.71828627866	0.666654605834	0.685972940802	0.596922650017	0.554057422326	0.574835194211	0.670511973763	0.696855760825	0.769445982722	0.683389969946	0.650969883678	0.616164350806	0.671442616619	0.663826941397	0.620400596764	0.622384824982	0.66410167126	0.650973166672	0.712118241538	0.590242180563	0.663916724868	0.623291115371	0.598172851204	0.672665397661	0.587047124815	0.546366769113	0.630612281233	0.570137900911	0.651937793673	0.512705726273	0.612464907588	0.615272875695	0.703646801208	0.575882382483	0.568042455588	0.603552411521	0.643545835095	0.666945802962	0.588142286733	0.584767832027	0.630143196237	0.580878564234	0.594863881964
CS.244	0.644174712416	0.602531813381	0	0.639531919324	0.612123095862	0.652314910981	0.676538342872	0.625547516417	0.711752090418	0.649058498438	0.650151096393	0.650422829603	0.671563306137	0.674045605335	0.621039494121	0.766752195111	0.587028358657	0.736711948674	0.632343996556	0.587329032759	0.603200853645	0.611173884894	0.641315438043	0.704298505452	0.722114520105	0.666721233507	0.721489203309	0.735554898108	0.750565954327	0.671627284253	0.706308103449	0.635186776856	0.69780066151	0.729035309584	0.715727968228	0.694202310372	0.663828655128	0.697668670977	0.730426513043	0.738808595499	0.648783586055	0.781858657961	0.673513343789	0.772240088393	0.769219025338	0.718952928286	0.740894557574	0.735963649771	0.721829827605	0.724484239374	0.700802910591	0.700022428467	0.723772798833	0.720382737715	0.712982009257	0.67785430545	0.702634830703	0.708583019877	0.710325323932	0.749643312717	0.636978258628	0.644789950892	0.653052491612	0.71970294483	0.712780083884	0.644971360638	0.682627314123	0.693198196783	0.636167712419	0.672583742863	0.628082012085	0.631359550726	0.704303781219	0.698297499523	0.685417832403	0.627045035945	0.672577099701	0.65069764491	0.575055086442	0.627672083286	0.649347259674	0.641602213289	0.680431584895	0.655637495369	0.652119986389	0.643536723141	0.6766955477	0.633335451602	0.658600626814	0.662649470391	0.621725419759	0.607812825098	0.659267462666	0.673104869942	0.651360588902	0.626062214953	0.642101809161	0.589427671337	0.650505874128	0.636586261455	0.629868790159	0.642865836815	0.637973158821	0.715356863333	0.635049522471	0.789162995513	0.63842639295	0.721493902101	0.700608288622	0.708314816784	0.751269477484	0.750774607524	0.655067970647	0.723705583865	0.69371797772	0.697676190082	0.688757740756	0.718195770906	0.627268258646	0.661703283691	0.703267984535	0.680946605348	0.6530885924	0.640622462094	0.718900128457	0.749391820632	0.74412855931	0.749736603922	0.632986766853	0.636912278068	0.673891681017	0.729409499014	0.754203643787	0.780235719256	0.712998997996	0.679401476596	0.699021059071	0.711238916043	0.714337069713	0.720374387816	0.685607547811	0.710914767394	0.713252116588	0.727559821824	0.641488116169	0.717122485385	0.691851219051	0.635948299579	0.719447921783	0.642451969519	0.680982054281	0.682997019056	0.67564328206	0.729295571418	0.59085847062	0.697266307778	0.673817570494	0.740755688525	0.649346456054	0.658022698504	0.689413597157	0.642195837822	0.682813836676	0.664244575604	0.650844019576	0.644225361824	0.663050564446	0.618865765505
CS.265	0.657844743967	0.54664995503	0.639531919324	0	0.585006749331	0.526639379797	0.592688681391	0.579519957964	0.725571404353	0.611861516411	0.492308334815	0.539931091215	0.511386330074	0.522438689009	0.508409455416	0.794144063097	0.648437023303	0.773420678678	0.680436433414	0.609153850386	0.512949208832	0.644328653518	0.606190006882	0.61780145226	0.702717484724	0.525027547935	0.703933355198	0.715944887678	0.767801682004	0.504200249579	0.685554477987	0.552531139558	0.571146621457	0.712957457918	0.716739709643	0.684532601052	0.656820731655	0.602932965594	0.696822014035	0.678653483704	0.724382770384	0.730830094843	0.623203923948	0.782217770551	0.768225495058	0.677836900152	0.746438636878	0.67993284431	0.642104824938	0.65386619247	0.658709843652	0.642861246845	0.655680617617	0.700166737802	0.622830151047	0.614564203431	0.68499099083	0.644906815189	0.601330962779	0.643768481077	0.502816371107	0.601694198859	0.496216712753	0.609743335538	0.64299117721	0.595036195122	0.581696729422	0.569054820681	0.48446490993	0.59849955167	0.559337232035	0.642110465277	0.678806907582	0.657775385127	0.599202384888	0.496057920408	0.27422986446	0.539964648246	0.609177914785	0.488115969362	0.603626028347	0.468912651717	0.50384373438	0.440214436998	0.499595744979	0.542501066356	0.57614843885	0.462961296893	0.465015550674	0.46639716583	0.650916149509	0.596801877806	0.664682796926	0.719109511033	0.575195447001	0.511741759423	0.630303817112	0.526054929374	0.641662639619	0.616922328671	0.582547438837	0.535626561125	0.584241178575	0.750851270923	0.614122600618	0.785787265397	0.740291173873	0.676195392171	0.667443372266	0.725787056164	0.723757175436	0.748497016191	0.66297524787	0.76185357791	0.671682629799	0.613384904501	0.694314561195	0.728938835092	0.577443249607	0.629400824494	0.716098726716	0.541034133798	0.623322019942	0.670768326636	0.665247077851	0.750826884491	0.680688670659	0.696908332727	0.673949482664	0.663662864014	0.546744710971	0.714534723984	0.695330817391	0.811513998632	0.72426818275	0.6928871714	0.623070762748	0.677284177744	0.684745293575	0.615078073845	0.645779981715	0.695987241037	0.675644809833	0.753436441053	0.576030789062	0.684785023821	0.612122353044	0.592035914141	0.693307578703	0.614926184529	0.51052594462	0.647299772177	0.49675472575	0.664098977304	0.547374016214	0.607737810048	0.63593972645	0.740288399448	0.530979346262	0.471312210241	0.556340680986	0.638609272265	0.642196703452	0.57159594321	0.483326994976	0.574332177008	0.512250764839	0.617240491992
CS.243	0.585245905405	0.610810009516	0.612123095862	0.585006749331	0	0.55062159476	0.560972754627	0.573092946627	0.642592223449	0.5514186237	0.524094662758	0.547669199086	0.530962155931	0.546168341957	0.538045404498	0.738286013234	0.566689098258	0.690857762052	0.651335292861	0.599719125418	0.55433688871	0.567340592238	0.613149355647	0.620199475615	0.657502423214	0.561437537304	0.634651087557	0.669683780638	0.713416439416	0.568317723306	0.615618631258	0.575352334073	0.593753715784	0.625447844485	0.657047131932	0.598402562432	0.623401262137	0.571135968786	0.640106784552	0.638273508263	0.639396512931	0.684600143918	0.589538635647	0.734580363869	0.694500864304	0.656541669856	0.708805514963	0.675811866732	0.633418741287	0.626871081544	0.608155876526	0.637269434615	0.636380112182	0.637525537954	0.640269245247	0.59995918107	0.675194154338	0.626283670897	0.610655685979	0.642733234523	0.609141081076	0.559478361557	0.556403423225	0.59903217637	0.560911416644	0.558487219203	0.520535754467	0.598680099447	0.582734778824	0.542168028597	0.521057529653	0.593482668672	0.607523965045	0.58796019276	0.597076001315	0.629588918825	0.584686168182	0.531153210578	0.554997797895	0.553987177429	0.563756963431	0.568865678674	0.545277033812	0.56045165391	0.545136185756	0.542647039777	0.567330190799	0.616491979745	0.566934933863	0.563618998955	0.595735468957	0.522095617021	0.621521582348	0.633639960517	0.550783467335	0.601957541238	0.554087060257	0.575718753976	0.609932599537	0.577905523485	0.568128744849	0.537730477847	0.562137819331	0.663489435318	0.545368199487	0.726778022133	0.706243647033	0.636205311881	0.624665216098	0.686026310841	0.639494025871	0.680051907556	0.57129172705	0.669074990381	0.58667840496	0.613250428655	0.648045938551	0.661246949014	0.610905043131	0.611870595388	0.635445566936	0.560020345159	0.555620647937	0.623934423368	0.620693771805	0.70093365714	0.631064070685	0.639125447227	0.622553323219	0.590938377984	0.58054051612	0.63361613293	0.645131060686	0.757450992911	0.624836244042	0.630045465375	0.624620188548	0.643606974715	0.663551260461	0.597832289089	0.610180199035	0.648091608909	0.633758092661	0.701077909428	0.555467503602	0.613645284648	0.563200873711	0.558398356328	0.651262869606	0.567615889566	0.56137414708	0.571604566549	0.565216914738	0.609021213907	0.567759968746	0.55817496662	0.602442324735	0.707118682682	0.542969460972	0.530988553847	0.54075512242	0.562179754789	0.576540270579	0.550337750535	0.547799584473	0.549393925748	0.539485664655	0.556171179338
CS.293	0.648244465784	0.585085784702	0.652314910981	0.526639379797	0.55062159476	0	0.50471381948	0.610726617645	0.627608349028	0.576399720119	0.448098941508	0.384711162539	0.398039554594	0.400316474451	0.473214671798	0.771393888447	0.586486471807	0.768269028247	0.705742387005	0.607700528978	0.543275163106	0.584587579039	0.624460315534	0.666849117831	0.716877631038	0.494985053473	0.697028145609	0.728550990414	0.689406337888	0.481188581489	0.695408294733	0.561170218122	0.51053235831	0.682701162999	0.733108551949	0.64506101373	0.671477744636	0.607452496855	0.694797301816	0.681994156767	0.712689115433	0.721169646766	0.627946491226	0.774371641856	0.727808032698	0.68093108186	0.766702101871	0.711846386881	0.695199702888	0.669756511644	0.682515451505	0.676662297419	0.679487215908	0.694041559128	0.673628871517	0.601030902145	0.716553519456	0.658846560033	0.625841423718	0.668791677287	0.483756561924	0.556691422445	0.464221435152	0.565205634445	0.567806528214	0.554736925297	0.516130653091	0.589856545125	0.551499452952	0.573838613155	0.506258439584	0.607535153158	0.621871736853	0.646799708741	0.558902235987	0.594100949587	0.51202307305	0.439186465754	0.596892947649	0.485462312115	0.524528805671	0.458837986001	0.43061299785	0.499664620917	0.411057622755	0.489664280305	0.472824376024	0.54751867422	0.433549076087	0.411705110405	0.588893865377	0.525329367548	0.687009858282	0.641063429269	0.466193310336	0.570127835084	0.536482557155	0.563622011286	0.661989743393	0.56095739727	0.567237725224	0.522016975001	0.588344226986	0.696940396582	0.488195425846	0.774176261784	0.767876704263	0.69007642778	0.659589333104	0.726374004767	0.656804670511	0.769823076882	0.539670811942	0.707428668003	0.580270346253	0.620653873854	0.714713192133	0.732584123117	0.60219896181	0.657775802972	0.65794602502	0.552954748308	0.528662795734	0.684272220861	0.685349363366	0.767773806732	0.686395614715	0.682908745837	0.686493231134	0.680373245017	0.610690833941	0.661336971122	0.709547266041	0.802917629954	0.692075752889	0.702300227615	0.644095674209	0.678635297557	0.685388218859	0.593834019239	0.647667700023	0.683205465107	0.67614614559	0.761344609712	0.511791740471	0.593553292295	0.494816615392	0.515355401241	0.653839013123	0.525371900455	0.443384652829	0.57076112967	0.455203062448	0.572500652674	0.545003037855	0.514291197089	0.544954784694	0.725929768672	0.470982575536	0.447455437376	0.486749807545	0.480464737086	0.481176609709	0.488875936542	0.423653917491	0.439225279013	0.480008803387	0.510646188628
CS.007	0.618714162787	0.584589115042	0.676538342872	0.592688681391	0.560972754627	0.50471381948	0	0.628624483293	0.626752386627	0.514433382802	0.476045206743	0.518233487227	0.439157729419	0.508000772183	0.540427467448	0.750441071711	0.580093075487	0.741899009227	0.696445585415	0.588028920439	0.593895056419	0.590257031334	0.584774580926	0.621421275346	0.664735733513	0.500320648175	0.608974661385	0.679113343027	0.699968888096	0.502757363162	0.657946337735	0.542848365897	0.514745281083	0.65136526046	0.695452690664	0.588339421429	0.60652465219	0.55587296215	0.640608598568	0.625691803084	0.690087169011	0.684155510239	0.571505744732	0.741322953341	0.721672300385	0.616439585113	0.728862346169	0.651137000249	0.636710964559	0.607717177821	0.623020847051	0.629420350086	0.626027096836	0.653545177325	0.617114720103	0.578600881523	0.672312285008	0.616703352446	0.573350389788	0.60792283562	0.568047318813	0.559738103762	0.523793381118	0.55620837324	0.543555393939	0.533613114217	0.536716287906	0.576619947382	0.568983515644	0.548146343413	0.510505370722	0.58309130354	0.582509303642	0.611885101703	0.525218118277	0.634395334431	0.567811461523	0.526810003757	0.580124074895	0.525188636511	0.53424419874	0.527435899928	0.495956221144	0.542253032528	0.50128041142	0.502038645566	0.524733796056	0.594771839883	0.527329880567	0.541060138403	0.607073102699	0.529429559267	0.637114946742	0.655171746864	0.479225241861	0.577314292953	0.563218278814	0.574315222843	0.638289162782	0.513028745123	0.568888894381	0.519934664006	0.577121229512	0.69781230106	0.551785743977	0.750225351122	0.746374988466	0.626560021876	0.632176840549	0.684616450047	0.624955816467	0.714629570505	0.530066672606	0.667780908135	0.558287632618	0.591957238121	0.695587166265	0.694594623546	0.582973035218	0.623325731687	0.612385010568	0.518820171209	0.51596391915	0.643007438184	0.620231805536	0.708227083503	0.638356846166	0.638477794599	0.650674663718	0.639670000518	0.561050387833	0.62510765387	0.662264751486	0.7680653925	0.643073301446	0.665015575722	0.60910202022	0.636336881561	0.611215817885	0.532828653831	0.628710488623	0.639897190363	0.624850082562	0.748459047354	0.500098085443	0.571738839604	0.549707025935	0.538931397269	0.65162898048	0.526599032163	0.513313530423	0.557862880099	0.509995842719	0.553650773511	0.591500324277	0.515248724403	0.566168931349	0.724973671837	0.508808691294	0.506477729019	0.499328627579	0.55485441433	0.57166113499	0.516844761327	0.537464600821	0.505378809821	0.508980346719	0.561155426072
CS.264	0.619083044803	0.580305223858	0.625547516417	0.579519957964	0.573092946627	0.610726617645	0.628624483293	0	0.673980423032	0.591385435245	0.598798308051	0.632257986267	0.634763441272	0.630964625106	0.583543929342	0.70551780386	0.609100161509	0.664560660629	0.603351176443	0.585847799372	0.593446030601	0.646530770544	0.578320855354	0.596424681509	0.64662525729	0.590580634724	0.658835801163	0.669492037073	0.695255081724	0.609554537079	0.629635677974	0.563393546149	0.639497792752	0.652483074253	0.658149700027	0.608672978971	0.601444024053	0.623081143549	0.661114322536	0.639306627776	0.643687364684	0.690864016917	0.585213868789	0.730727045512	0.683133024133	0.633865993875	0.691712788412	0.662687097872	0.647924123418	0.657973179573	0.653565477402	0.623372428348	0.642320038812	0.642700807793	0.636097041311	0.62526603578	0.654545081737	0.644720258728	0.614904395897	0.639175746746	0.614262843801	0.598705119756	0.597955674202	0.643836256721	0.64542411771	0.593777827751	0.612835362399	0.601794965655	0.567259817185	0.6094495584	0.584058900601	0.606686885049	0.643103946881	0.611535362894	0.609243292191	0.593909975519	0.604882540414	0.620972130448	0.551639729171	0.590108797001	0.618025608045	0.603944047266	0.612277418436	0.615126208706	0.629052216798	0.605254934803	0.595835878409	0.601383667428	0.637185347947	0.611134506043	0.594484787368	0.597047948682	0.600892144912	0.673656690791	0.621847566204	0.538528217006	0.653499960071	0.56106033896	0.596245919254	0.608798791093	0.585902740159	0.549247387017	0.602288386733	0.669863796244	0.633420159862	0.711432367538	0.636401912018	0.652630048172	0.613975151955	0.66542819359	0.664081880031	0.672195034528	0.620561392449	0.671787765175	0.668708440463	0.605158058178	0.635872410443	0.65303026297	0.57968946301	0.59684634545	0.656363269492	0.623435090073	0.609233170617	0.604744455635	0.64044702656	0.673704024173	0.650154912849	0.661432045538	0.58006726838	0.594461941378	0.601521614417	0.647221428036	0.659939544304	0.727309405492	0.630037423386	0.631399520823	0.624652382739	0.646248102024	0.662644490537	0.639848129491	0.603569736656	0.65596240856	0.648911645375	0.665106246122	0.597731095367	0.670735648361	0.626236725933	0.626873865745	0.666164322234	0.623375752486	0.616738167892	0.649004210239	0.607008277997	0.6418489215	0.584392773333	0.639979953071	0.624910082569	0.684436041813	0.607360602723	0.607248428682	0.594698871736	0.661616810947	0.660667648686	0.584522855386	0.621892961766	0.647974716958	0.574511113444	0.603498039907
CS.094	0.620396210349	0.713074316573	0.711752090418	0.725571404353	0.642592223449	0.627608349028	0.626752386627	0.673980423032	0	0.608370737895	0.670371614834	0.639225665831	0.636842018081	0.646077915774	0.656035239033	0.686233842672	0.617433383899	0.712748617956	0.694003130639	0.652398318375	0.706304840412	0.613075555093	0.663912035691	0.70361316487	0.635172999158	0.654763249183	0.641729185799	0.710180935301	0.636845113345	0.642503852177	0.671919182107	0.689577563285	0.66126224301	0.66750181967	0.709050529908	0.595992968479	0.65153170828	0.633698024605	0.647691686767	0.648964509812	0.69208915245	0.669008277823	0.673059660911	0.73637959405	0.699710243012	0.674622301236	0.715709210008	0.731190675862	0.697260427558	0.688541846359	0.699665339932	0.705809655263	0.686141530124	0.686435250392	0.694756250742	0.664086434671	0.702379009569	0.681304633077	0.678495197925	0.697057002491	0.719721268248	0.612925783979	0.636819260906	0.642406625136	0.604224812135	0.631067931458	0.585121831622	0.688869539538	0.700476015223	0.65255651829	0.64495098135	0.626702084207	0.6287089053	0.628381579912	0.648143809099	0.742641501364	0.699349875237	0.63222810746	0.677903551147	0.675749082542	0.595795650509	0.646604433767	0.61824946564	0.701020208377	0.67058331158	0.639431645825	0.630353018816	0.72950260814	0.68536978773	0.665071916074	0.56576734959	0.570330486981	0.674535363916	0.587847016746	0.645541331247	0.69960818966	0.576589014999	0.685929345243	0.67683794803	0.640455745596	0.659233127527	0.643910919064	0.607325158115	0.649004495617	0.631671604632	0.736783144101	0.714726950838	0.672038128811	0.649541074735	0.656294072996	0.580591016966	0.69130859948	0.588795701507	0.614661764613	0.557996597806	0.639543953954	0.698551133758	0.681989381408	0.672348530642	0.702413298026	0.638949107739	0.636079613252	0.58887942626	0.635653213233	0.663495170553	0.667728706664	0.65970920425	0.659633366241	0.64160218117	0.636177635468	0.689297789226	0.615543505847	0.685140244369	0.724550773186	0.612454054987	0.655252835271	0.678336651516	0.695670079916	0.676394105583	0.625220480496	0.665707245144	0.659390828302	0.685389182679	0.751593280515	0.626213689327	0.578654240333	0.582827238956	0.592966014364	0.652498203789	0.619603388946	0.636758792643	0.635541679384	0.648879072203	0.600089091675	0.684992710962	0.620624999644	0.635268999012	0.716127494452	0.652355070831	0.654593435604	0.606541579052	0.593560855512	0.560233191292	0.606083491743	0.670370107836	0.606211123892	0.630089968742	0.604560852798
CS.104	0.533914441486	0.565613824216	0.649058498438	0.611861516411	0.5514186237	0.576399720119	0.514433382802	0.591385435245	0.608370737895	0	0.52734934099	0.5835314258	0.545116644583	0.581243671166	0.565319041751	0.697730158079	0.554282036027	0.702079429582	0.617302178043	0.542098354009	0.597676720513	0.568103315446	0.537445494589	0.602273683531	0.5955114371	0.524937579405	0.576903474962	0.653403276738	0.669583758292	0.524564486966	0.619643560331	0.540166800314	0.53733755415	0.651198266375	0.619315323724	0.565062115136	0.546277378539	0.536969229524	0.604793507429	0.614296060449	0.653514594952	0.662737856514	0.542254403395	0.729451726192	0.690383114291	0.608055447628	0.690233997907	0.659665713556	0.611095504164	0.607561542662	0.625712606154	0.628152761991	0.623402333309	0.656798362649	0.602797307168	0.577282873479	0.646039279783	0.602492942391	0.591763468241	0.601399267084	0.587500888611	0.547912763592	0.537894200292	0.571635669032	0.537064142728	0.560663173794	0.544143240656	0.584101440423	0.58501774476	0.547216792954	0.527172503491	0.581994862781	0.619656588461	0.566065786571	0.554998900383	0.612928546721	0.602423822896	0.552582309225	0.563532429658	0.582035241692	0.567254687604	0.545491946987	0.543713124467	0.584173157412	0.55831746729	0.545511232088	0.591781351672	0.595949578034	0.58686975656	0.574193838661	0.538232398926	0.511456600884	0.585713038944	0.592113394636	0.523528787625	0.536394659477	0.558776782218	0.523258399037	0.589614623974	0.518924241855	0.534515225628	0.542225308562	0.555768990376	0.647033262825	0.575109997849	0.725613922649	0.67596558901	0.617333641405	0.615911886785	0.63331731047	0.61373171919	0.667543636592	0.499290442548	0.612800666593	0.543710360389	0.566780133751	0.650852967738	0.666446858384	0.572933293278	0.607779696188	0.636822426172	0.520785684392	0.511641097573	0.571482883887	0.622977153599	0.63602198442	0.614827097757	0.605091491961	0.574708235268	0.575076773746	0.565848693874	0.609383904107	0.663728113031	0.728552164422	0.615654757827	0.606200688848	0.589918219432	0.634022430258	0.601408479458	0.553479008705	0.61116830764	0.639063534905	0.610444092809	0.706087460489	0.527451867293	0.600180740071	0.548950426477	0.539242227706	0.635700398837	0.562909051102	0.551256972999	0.573425063043	0.547024486173	0.564662769002	0.564652055616	0.543798436209	0.566031329661	0.699852243296	0.558874619904	0.556559580248	0.541180998539	0.575343796878	0.578241396669	0.526553287032	0.587214978246	0.572793305878	0.532025591414	0.567445680912
CS.261	0.615449263592	0.565071393008	0.650151096393	0.492308334815	0.524094662758	0.448098941508	0.476045206743	0.598798308051	0.670371614834	0.52734934099	0	0.461047239753	0.41258294603	0.444297428181	0.477093861612	0.760595630165	0.587918746711	0.752069688268	0.688005332111	0.598708131471	0.523253606286	0.578290793189	0.571915753306	0.607186575873	0.698994981298	0.467927865363	0.640073786525	0.690708334465	0.712868098902	0.437250185134	0.666914643421	0.535440492768	0.487904683179	0.686882116975	0.692364716699	0.62281200844	0.626186940475	0.567020928698	0.641578027766	0.650026751358	0.701281427711	0.681142434172	0.594010887952	0.75095069792	0.731915718775	0.644757943952	0.737150772867	0.670463599372	0.642754857581	0.623175470803	0.637339265557	0.62938406921	0.64193212862	0.668572470474	0.601244157722	0.562694379427	0.67130549369	0.615404201146	0.569290490125	0.599551028499	0.469305563285	0.512374460869	0.459211390256	0.535891513004	0.550525858478	0.531371613687	0.511933562852	0.524782936922	0.493267311927	0.522790314397	0.455695061488	0.574550021134	0.589761642936	0.617296621497	0.516178022913	0.533359930592	0.447522667481	0.44727669084	0.559066013433	0.429063171286	0.519093642702	0.436539081264	0.440553721435	0.426603584821	0.40516835291	0.469934545501	0.491342699536	0.496184318339	0.403576623605	0.45428585335	0.614294025458	0.537829684745	0.668350809315	0.654520868128	0.467918305707	0.531190047929	0.57550605518	0.526180203405	0.637530738902	0.560919325882	0.54529703333	0.484684838303	0.56682795362	0.695474227463	0.543752577749	0.774488044235	0.743357125159	0.641986873397	0.631467774094	0.711211928613	0.644775713206	0.723881862366	0.535824649219	0.700130795594	0.572805691475	0.586385535566	0.684998164424	0.694101220701	0.559225941692	0.624275370722	0.636621345053	0.489940977743	0.518640259921	0.65820840283	0.641023755058	0.745832673254	0.652424802453	0.648895764802	0.663268758166	0.649687824802	0.549974958651	0.642082717249	0.676978940658	0.794261194978	0.671942001461	0.670767440846	0.571597340837	0.649763299232	0.650438168035	0.562510996776	0.612955946508	0.657402000411	0.633697705337	0.745963036413	0.47104285723	0.569280197451	0.523484910655	0.506820680179	0.65264670944	0.511280034602	0.445898776696	0.547592859635	0.446366446324	0.569631745288	0.540943416318	0.489212081618	0.54525751286	0.713482224678	0.474622634249	0.445667995597	0.482145120634	0.535310198058	0.55424064956	0.495062000328	0.459838475378	0.48703014761	0.437324063138	0.520367834134
L.007.M1	0.632803888633	0.600165463007	0.650422829603	0.539931091215	0.547669199086	0.384711162539	0.518233487227	0.632257986267	0.639225665831	0.5835314258	0.461047239753	0	0.419307356441	0.381247922802	0.473145189433	0.765914536482	0.587060818022	0.763819935828	0.716231260971	0.630212383945	0.53352258103	0.575757314909	0.642685754562	0.655941072209	0.721818495638	0.496782234109	0.689765813651	0.726956347628	0.685356076024	0.500399416407	0.693614053037	0.581787033122	0.53259396906	0.707530274403	0.758395818396	0.640909509367	0.676522108846	0.607480373744	0.6925308795	0.681689476281	0.716479311647	0.706082553422	0.647782059548	0.765149821763	0.7339052004	0.68475543604	0.772432776294	0.715190320654	0.684471268565	0.671431711264	0.682134682509	0.684878234455	0.68282164575	0.702814232151	0.668661341423	0.5989373127	0.709334201393	0.649374391457	0.619972490419	0.667302810532	0.494311948345	0.558419229425	0.477238194494	0.560362891563	0.57299509499	0.554135572962	0.505489115909	0.58078063804	0.583703938516	0.557643566494	0.491551411441	0.603558671465	0.615558146995	0.644527815213	0.554109793896	0.60933041298	0.509775748212	0.444914276349	0.599611072468	0.502197948496	0.497801457602	0.463594838766	0.455186232454	0.496041354049	0.393558427261	0.479399694239	0.489889735939	0.57991760443	0.42782775616	0.417140132387	0.580752783646	0.504436781698	0.694311366777	0.641132511823	0.510469791654	0.583642372233	0.532166439893	0.560527903129	0.678061650087	0.565187797145	0.576364508964	0.543864862551	0.590125228343	0.690196023402	0.463497652414	0.777392665646	0.763883740396	0.684061188744	0.649440236481	0.70510473015	0.647282400229	0.756816894385	0.550463332942	0.704238310215	0.585465794761	0.629806600709	0.68865858745	0.734611165716	0.610255332332	0.676761000489	0.655046335092	0.539361331	0.531140969403	0.682244511081	0.675526342108	0.757073694419	0.676116413309	0.678991685373	0.701288125035	0.684262007527	0.607843863865	0.654790186716	0.698207187851	0.796834452538	0.696739924732	0.716182195783	0.632083792289	0.678532079543	0.683621648345	0.584283872612	0.632739344755	0.664676253032	0.682225190734	0.760020822351	0.493493868934	0.573898279435	0.499992378041	0.507962536436	0.623841135005	0.529202791136	0.444375160249	0.558585697416	0.467141923938	0.545729594426	0.554065883977	0.483049011517	0.54344389198	0.725886382178	0.457678339545	0.428106593784	0.489240625651	0.448949725444	0.456168119419	0.503498008019	0.418192586608	0.411694547742	0.476293811267	0.489198228167
CS.174	0.633399744176	0.582096036858	0.671563306137	0.511386330074	0.530962155931	0.398039554594	0.439157729419	0.634763441272	0.636842018081	0.545116644583	0.41258294603	0.419307356441	0	0.402644240371	0.464157409882	0.771122665972	0.606274895205	0.763773626755	0.711307791467	0.625136020705	0.550938700661	0.575440969245	0.61243626951	0.643552744051	0.702034855925	0.470546321405	0.677955757961	0.717788624532	0.720857940048	0.440370320454	0.669115601263	0.559756856733	0.474622455322	0.686828375183	0.731071357909	0.621255789944	0.649746921392	0.567276548996	0.660822677036	0.65909608374	0.700516648932	0.688377068182	0.612988071089	0.769830782438	0.729574924412	0.646393509817	0.753503309194	0.689187472504	0.65619451293	0.644969825908	0.659248922344	0.658507250444	0.648522793972	0.675719448812	0.63207764095	0.582689748439	0.69534638079	0.622410202247	0.594428052272	0.62139209323	0.494279813135	0.542866474519	0.438939350768	0.529316882526	0.538335683427	0.546153795471	0.487131026525	0.547807647205	0.528137348672	0.536266555262	0.459936539112	0.613199157143	0.594410232837	0.61745645432	0.519543636802	0.589093328414	0.478816256269	0.440435995135	0.599524803776	0.475126980544	0.507622132647	0.479817257144	0.39954757426	0.470691992644	0.39321030377	0.474326217568	0.483167672286	0.546729045551	0.403461964358	0.432564281788	0.616494491122	0.531452759724	0.690659303926	0.656226175621	0.481633528854	0.566213276528	0.54234331063	0.566424983834	0.675040646667	0.560014394667	0.562140128837	0.496716893563	0.557034615162	0.704762520744	0.508427058311	0.775569479908	0.779393964359	0.6572856549	0.648801258917	0.708494216507	0.623590762664	0.749786410906	0.54802149147	0.700371922167	0.56760207044	0.601034866508	0.705399510825	0.724766101604	0.596447294838	0.655320836733	0.653449550088	0.486823438706	0.502421451112	0.677391107818	0.653277533211	0.749794340802	0.659892268786	0.649577510924	0.683919005013	0.673848653824	0.555770753121	0.636069201196	0.688717483347	0.801673774674	0.686914339728	0.687562262187	0.595404894974	0.659282936316	0.656520993064	0.548137004201	0.633668147541	0.65768081003	0.657983866145	0.757943825926	0.484621522746	0.566044453233	0.490277608155	0.501842421242	0.65443684389	0.501716738103	0.41584430248	0.546608175414	0.423932135072	0.534745748019	0.550723973815	0.481272512473	0.530558024718	0.726746000636	0.451117543559	0.424434679144	0.447612474918	0.481900689123	0.508626626581	0.474453149089	0.419839325704	0.421678636179	0.429306387983	0.527807631175
L.004.M1	0.616840166718	0.581586274551	0.674045605335	0.522438689009	0.546168341957	0.400316474451	0.508000772183	0.630964625106	0.646077915774	0.581243671166	0.444297428181	0.381247922802	0.402644240371	0	0.460510020975	0.781325969909	0.581117356317	0.752629738509	0.722330585135	0.612517777634	0.523449710102	0.579381392328	0.639769426626	0.643975330987	0.713334144248	0.489472967672	0.680735237854	0.719107405945	0.702895663085	0.496524000042	0.684482048936	0.564201773036	0.51532176234	0.705640737992	0.745364008902	0.638507791875	0.670903107513	0.611436691604	0.689321270151	0.685730206942	0.715705065848	0.703017860617	0.626478149444	0.758063232117	0.743324787793	0.681431140827	0.759169381374	0.707394256701	0.681599440148	0.680482627723	0.654984331789	0.674047192392	0.670481991802	0.67118432778	0.650564390116	0.597865006893	0.69825748898	0.639302269996	0.605116233693	0.644319999792	0.492620692286	0.560051811862	0.479510212696	0.546450696752	0.544409568626	0.562189628179	0.484920582403	0.576160623524	0.567735686071	0.532864732712	0.505293135994	0.619563339261	0.613565538045	0.626637450353	0.54383276099	0.600015470948	0.500079839777	0.482736776966	0.596171227448	0.486617242376	0.505431817554	0.456306837367	0.433547022869	0.486704443746	0.410982011804	0.487743369224	0.489011321577	0.566628598916	0.42610397285	0.423574425773	0.603847302869	0.51141062823	0.670694508233	0.654999887684	0.504614376399	0.575924896855	0.572605646792	0.55968189376	0.66190413654	0.551727957165	0.562868996433	0.51455203359	0.586858858423	0.707138679414	0.483839599603	0.771848897193	0.759910083188	0.681611071516	0.662726813998	0.707447691544	0.652695752385	0.75049462781	0.560680347765	0.708050698508	0.562213109554	0.622449694666	0.704472464272	0.719195262609	0.5838952259	0.667224725324	0.651371717354	0.524252309917	0.521395362326	0.676919127054	0.684209506203	0.764086388228	0.664092761883	0.670043910714	0.685558994738	0.675783971617	0.585658746406	0.641811468814	0.680991928869	0.790098159648	0.69604809709	0.70981008903	0.618199721969	0.677371877676	0.684600168768	0.573861572629	0.635877837977	0.677754792373	0.688223795371	0.754594373136	0.493078816807	0.577847075612	0.511423461182	0.522053474703	0.624192947567	0.521560533902	0.432330625229	0.539449371013	0.438660159026	0.543015182772	0.544809903663	0.469696149315	0.53967537085	0.716506267433	0.45548212736	0.406635814954	0.491123321244	0.500240406029	0.489984388653	0.50220657287	0.422021438182	0.437269446794	0.457385016708	0.517640105418
CS.313	0.591181136292	0.546049058943	0.621039494121	0.508409455416	0.538045404498	0.473214671798	0.540427467448	0.583543929342	0.656035239033	0.565319041751	0.477093861612	0.473145189433	0.464157409882	0.460510020975	0	0.766016764489	0.586472217767	0.746037654194	0.680488946313	0.576821199844	0.518179813874	0.565673292186	0.584949294432	0.61927074808	0.682191563258	0.500588584403	0.663555582928	0.711109775994	0.718574318148	0.524206214005	0.670260835993	0.533426395635	0.546801281114	0.687466091374	0.700617456038	0.64597125113	0.634855015627	0.592316118378	0.681835677209	0.658722126859	0.701442878598	0.71358531448	0.591694676492	0.76374399537	0.739901133994	0.656232096453	0.7599803275	0.691307777702	0.661040140784	0.664464781426	0.673698137899	0.663915555852	0.66133099871	0.698594557715	0.643098722494	0.605056525768	0.697910802931	0.63559195288	0.582671170378	0.654950268911	0.506850009999	0.559003340156	0.499829032443	0.576447786035	0.567672596528	0.567657120218	0.542910203324	0.569339460032	0.528366264063	0.552431192042	0.485516361536	0.601806274097	0.626149781155	0.623356628054	0.572423040068	0.563139778779	0.494664935282	0.505546736846	0.560864089286	0.491605236328	0.53364736951	0.458992309796	0.490464615991	0.479542720799	0.45736507896	0.502846644801	0.521200288792	0.524933127494	0.487499915534	0.469591047893	0.604767809151	0.546624774453	0.649306482988	0.658235369826	0.507771044761	0.519289022392	0.564461276063	0.525880026631	0.651061773497	0.555225200205	0.560390852785	0.504593259246	0.565093007769	0.693809934226	0.52986100434	0.773837345756	0.724935750116	0.659137808815	0.638876819953	0.694427542231	0.657864863586	0.743915992572	0.579314076834	0.70508269925	0.603546222	0.599669722412	0.679035518396	0.697775502146	0.566441027221	0.620829716024	0.664969656072	0.521563086615	0.540508356141	0.640434508291	0.667208278039	0.738746008629	0.660154415821	0.661713932469	0.658638772941	0.65846271487	0.551645181564	0.669707524702	0.695594991012	0.790029320957	0.68054506525	0.672463924333	0.613001909877	0.671558142555	0.666602117711	0.598930983647	0.615091081697	0.670708322128	0.67680637691	0.734025716213	0.524168666287	0.619134021488	0.542558460426	0.535203897784	0.643153646101	0.546131428732	0.482307704799	0.590995133126	0.483453173245	0.591909949675	0.528484620755	0.536637777444	0.573268972662	0.72286326063	0.494640267241	0.435871775913	0.4828922518	0.550013016297	0.54990906906	0.516917858569	0.447983560632	0.500649630805	0.471813178089	0.524760276271
